0
0
3
7
7
7
7
10
13
16
20
33
34
35
35
37
40
40
43
46
248
251
530
533
534
560
563
563
612
615
615
615
630
633
645
646
649
649
652
655
655
656
662
662
662
662
676
676
679
682
682
685
690
690
690
692
695
698
707
722
725
729
729
730
733
736
740
752
755
755
755
756
756
759
759
760
762
773
777
780
780
781
783
786
787
800
803
803
806
806
807
807
809
813
813
826
831
832
832
833
833
833
836
840
843
856
856
856
860
863
863
864
866
867
880
883
886
886
889
893
893
893
896
896
899
902
905
906
908
912
912
915
919
932
934
938
938
942
945
950
953
956
956
959
963
966
966
969
973
973
973
976
977
979
982
982
983
986
998
998
998
1002
1002
1002
1003
1008
1012
1012
1012
1015
1018
1018
1021
1022
1025
1038
1038
1041
1044
1044
1047
1048
1048
1051
1051
1055
1060
1063
1066
1070
1073
1074
1077
1081
1084
1084
1085
1087
1088
1102
1105
1109
1109
1109
1109
1110
1121
1125
1125
1129
1129
1132
1132
1135
1136
1140
1143
1144
1144
1157
1161
1164
1164
1167
1167
1168
1170
1171
1174
1174
1175
1190
1190
1190
1191
1191
1191
1191
1193
1196
1197
1199
1203
1203
1206
1206
1220
1220
1220
1221
1221
1221
1223
1226
1238
1238
1238
1239
1239
1246
1246
1246
1247
1247
1247
1249
1252
1252
1255
1268
1271
1271
1271
1272
1276
1279
1279
1279
1282
1282
1285
1288
1289
1292
1292
1295
1298
1298
1302
1305
1305
1308
1320
1323
1326
1326
1327
1329
1333
1333
1336
1336
1340
1343
1346
1346
1349
1350
1353
1353
1356
1356
1359
1362
1362
1366
1366
1366
1380
1383
1384
1384
1384
1385
1386
1387
1390
1402
1402
1405
1408
1408
1411
1415
1415
1430
1431
1431
1432
1433
1434
1437
1440
1440
1441
1443
1456
1459
1462
1463
1463
1463
1463
1464
1464
1476
1476
1476
1477
1477
1477
1479
1482
1482
1496
1496
1500
1503
1503
1506
1507
1507
1509
1513
1513
1517
1519
1522
1523
1526
1526
1529
1532
1535
1535
1539
1542
1542
1545
1548
1548
1551
1552
1555
1558
1561
1564
1568
1568
1571
1574
1577
1577
1581
1585
1588
1588
1592
1594
1595
1598
1598
1601
1604
1604
1604
1618
1621
1624
1624
1625
1625
1625
1627
1627
1631
1634
1634
1637
1640
1640
1643
1644
1647
1650
1664
1664
1664
1665
1665
1665
1666
1680
1680
1680
1684
1684
1684
1685
1685
1687
1690
1690
1693
1693
1697
1700
1700
1703
1706
1706
1709
1713
1713
1713
1716
1728
1728
1732
1732
1735
1735
1735
1742
1742
1742
1743
1745
1748
1752
1752
1755
1758
1770
1770
1771
1771
1771
1772
1780
1780
1781
1781
1781
1783
1786
1790
1790
1793
1796
1797
1810
1810
1811
1811
1811
1812
1813
1816
1817
1820
1823
1834
1834
1837
1840
1840
1841
1841
1841
1843
1843
1847
1850
1850
1853
1856
1859
1862
1863
1866
1866
1869
1873
1873
1875
1876
1879
1882
1882
1885
1885
1889
1896
1898
1902
1905
1908
1912
1915
1918
1918
1919
1933
1934
1938
1939
1939
1940
1941
1945
1949
1960
1960
1963
1963
1964
1970
1970
1970
1973
1986
1987
1987
1987
1987
1987
1989
1993
1996
1996
2000
2000
2003
2006
2011
2015
2018
2018
2021
2025
2029
2032
2032
2048
2051
2054
2055
2055
2056
2057
2060
2064
2064
2080
2080
2083
2083
2086
2087
2087
2087
2089
2103
2103
2103
2108
2111
2111
2111
2116
2118
2119
2122
2125
2128
2131
2134
2137
2138
2152
2152
2152
2153
2153
2155
2167
2171
2174
2174
2177
2181
2184
2187
2188
2191
2194
2194
2208
2211
2214
2215
2216
2216
2216
2219
2223
2226
2229
2230
2233
2237
2241
2244
2247
2251
2264
2264
2264
2264
2277
2281
2281
2281
2284
2284
2288
2291
2303
2307
2310
2313
2314
2317
2320
2323
2327
2331
2345
2363
2367
2370
2372
2372
2374
2377
2380
2394
2397
2400
2400
2403
2406
2407
2410
2413
2417
2421
2424
2427
2430
2433
2434
2437
2440
2440
2443
2446
2447
2449
2453
2453
2456
2456
2459
2462
2463
2463
2465
2466
2469
2472
2472
2486
2486
2486
2486
2487
2487
2487
2489
2490
2493
2506
2506
2509
2513
2513
2514
2514
2523
2527
2530
2531
2531
2531
2532
2534
2534
2537
2537
2552
2552
2556
2556
2556
2556
2557
2559
2563
2563
2566
2566
2569
2570
2573
2576
2576
2580
2580
2583
2583
2583
2586
2590
2593
2596
2596
2599
2602
2603
2606
2606
2609
2612
2613
2616
2616
2619
2622
2623
2626
2626
2629
2629
2632
2633
2636
2636
2648
2651
2651
2652
2652
2652
2652
2653
2655
2658
2658
2662
2662
2662
2665
2668
2669
2672
2684
2684
2687
2691
2691
2691
2691
2694
2694
2697
2698
2701
2704
2705
2707
2708
2711
2715
2718
2719
2719
2722
2722
2725
2725
2729
2732
2732
2735
2748
2751
2751
2752
2752
2752
2753
2754
2757
2757
2760
2761
2764
2764
2767
2770
2770
2773
2774
2776
2790
2790
2790
2791
2791
2793
2796
2799
2803
2803
2806
2806
2810
2813
2816
2816
2819
2822
2823
2826
2826
2826
2829
2833
2833
2833
2836
2836
2839
2843
2843
2846
2846
2846
2849
2853
2853
2866
2866
2867
2867
2867
2868
2868
2870
2873
2874
2874
2877
2880
2892
2895
2898
2898
2902
2903
2903
2905
2908
2912
2912
2924
2924
2925
2925
2925
2926
2926
2927
2930
2930
2933
2934
2938
2940
2940
2943
2944
2947
2950
2953
2956
2959
2960
2962
2966
2966
2969
2972
2973
2975
2979
2982
2982
2996
2996
2996
2997
2997
2997
2998
2999
3002
3003
3006
3006
3009
3012
3012
3015
3016
3020
3023
3026
3026
3029
3042
3042
3042
3043
3043
3043
3045
3048
3048
3052
3052
3055
3058
3061
3061
3064
3068
3071
3074
3077
3080
3081
3084
3084
3087
3087
3090
3090
3093
3094
3096
3100
3103
3106
3106
3107
3109
3112
3113
3116
3117
3117
3120
3123
3126
3127
3129
3130
3133
3136
3136
3148
3152
3155
3156
3156
3156
3157
3159
3162
3162
3165
3168
3169
3171
3174
3175
3177
3190
3191
3191
3191
3191
3192
3192
3193
3193
3197
3200
3200
3203
3203
3206
3207
3209
3212
3213
3216
3216
3219
3219
3222
3222
3225
3238
3239
3239
3239
3240
3240
3240
3241
3256
3256
3259
3262
3263
3263
3263
3265
3266
3269
3272
3272
3275
3279
3279
3279
3282
3282
3285
3288
3289
3291
3292
3292
3294
3298
3301
3304
3305
3307
3308
3311
3314
3314
3317
3320
3321
3321
3324
3324
3327
3330
3330
3333
3334
3334
3337
3351
3351
3351
3352
3352
3352
3360
3364
3367
3367
3367
3368
3368
3372
3375
3388
3391
3391
3394
3408
3408
3409
3409
3409
3411
3414
3414
3417
3421
3424
3424
3427
3431
3433
3433
3447
3451
3454
3454
3455
3455
3457
3461
3464
3468
3468
3471
3471
3475
3479
3479
3483
3486
3490
3490
3493
3496
3499
3500
3503
3506
3520
3523
3526
3526
3527
3527
3530
3533
3536
3537
3541
3542
3544
3544
3556
3559
3559
3559
3560
3565
3565
3568
3571
3572
3575
3578
3581
3582
3585
3588
3588
3591
3592
3595
3598
3601
3601
3604
3608
3608
3611
3611
3615
3618
3621
3622
3625
3625
3628
3631
3632
3636
3638
3641
3641
3644
3647
3647
3651
3663
3664
3664
3664
3665
3671
3671
3672
3672
3674
3687
3687
3688
3688
3690
3691
3693
3694
3707
3710
3713
3713
3714
3714
3716
3729
3732
3736
3736
3736
3736
3749
3751
3751
3751
3753
3756
3759
3759
3773
3773
3774
3776
3776
3779
3779
3782
3785
3789
3792
3795
3798
3798
3801
3801
3805
3808
3811
3814
3817
3820
3823
3827
3830
3833
3836
3839
3841
3845
3849
3851
3855
3861
3863
3866
3869
3872
3872
3875
3878
3881
3884
3887
3891
3894
3897
3901
3904
3907
3910
3913
3913
3917
3920
3923
3923
3927
3927
3930
3933
3937
3940
3943
3946
3946
3961
3964
3967
3967
3968
3971
3974
3977
3991
3991
3992
3992
3992
3994
3997
3998
4000
4003
4007
4010
4013
4016
4019
4022
4025
4028
4032
4035
4047
4050
4053
4053
4054
4057
4061
4065
4065
4079
4082
4086
4086
4086
4089
4092
4095
4099
4103
4106
4109
4115
4119
4122
4125
4137
4137
4141
4141
4143
4144
4147
4161
4161
4162
4162
4164
4167
4171
4175
4178
4181
4184
4187
4190
4193
4196
4200
4200
4203
4206
4209
4212
4215
4219
4222
4226
4229
4232
4235
4241
4244
4247
4251
4254
4257
4261
4264
4267
4271
4274
4277
4280
4283
4286
4289
4292
4296
4299
4303
4307
4310
4313
4313
4317
4321
4325
4331
4334
4337
4340
4343
4347
4351
4353
4353
4356
4371
4372
4372
4372
4372
4374
4377
4380
4384
4384
4387
4390
4390
4393
4396
4399
4402
4403
4405
4408
4412
4412
4415
4418
4421
4421
4424
4427
4430
4433
4433
4436
4440
4440
4443
4446
4446
4449
4452
4455
4456
4459
4462
4462
4462
4475
4479
4482
4482
4485
4485
4489
4492
4495
4495
4498
4501
4501
4504
4507
4508
4511
4514
4514
4517
4520
4523
4535
4538
4539
4539
4539
4541
4545
4548
4551
4555
4559
4563
4577
4580
4583
4586
4590
4590
4590
4593
4601
4605
4608
4611
4614
4617
4620
4624
4627
4639
4642
4646
4646
4646
4646
4647
4649
4653
4656
4659
4662
4666
4666
4669
4681
4682
4685
4687
4688
4691
4694
4697
4709
4709
4710
4710
4712
4715
4719
4722
4722
4725
4725
4728
4731
4734
4737
4737
4741
4744
4747
4750
4753
4757
4760
4763
4766
4769
4781
4781
4782
4784
4801
4805
4811
4815
4819
4822
4825
4828
4831
4834
4837
4837
4841
4844
4847
4847
4850
4853
4854
4856
4859
4860
4863
4866
4869
4872
4872
4899
4900
4913
4913
4914
4914
4916
4919
4920
4923
4926
4926
4939
4943
4943
4944
4944
4944
4946
4946
4959
4959
4960
4960
4962
4973
4973
4974
4974
4976
4979
4980
4982
4986
4986
4989
4992
4992
4995
4998
5001
5001
5004
5007
5007
5021
5024
5024
5025
5027
5028
5028
5030
5043
5046
5046
5047
5047
5047
5048
5049
5052
5056
5056
5059
5059
5063
5066
5079
5079
5093
5096
5096
5099
5100
5102
5103
5106
5109
5112
5112
5115
5115
5118
5121
5131
5134
5137
5137
5140
5143
5143
5147
5150
5153
5153
5156
5159
5160
5162
5165
5166
5169
5172
5172
5175
5178
5178
5191
5194
5195
5195
5197
5197
5198
5198
5198
5200
5213
5216
5219
5219
5220
5222
5222
5225
5226
5229
5232
5235
5238
5241
5241
5244
5247
5248
5261
5265
5265
5268
5269
5269
5271
5275
5278
5278
5282
5284
5284
5287
5290
5293
5294
5299
5302
5315
5315
5319
5319
5323
5326
5326
5326
5329
5332
5335
5335
5339
5342
5342
5345
5348
5352
5352
5355
5359
5362
5365
5369
5383
5386
5386
5387
5399
5402
5407
5407
5410
5410
5413
5416
5419
5432
5432
5432
5432
5433
5445
5445
5446
5448
5449
5449
5451
5452
5454
5458
5458
5461
5464
5464
5464
5467
5470
5473
5473
5487
5490
5490
5491
5491
5493
5493
5496
5500
5503
5507
5507
5509
5512
5512
5515
5515
5518
5521
5522
5524
5528
5528
5531
5534
5545
5545
5546
5546
5548
5549
5549
5551
5555
5558
5561
5564
5564
5567
5567
5571
5571
5574
5577
5589
5592
5595
5596
5596
5599
5600
5602
5605
5608
5611
5614
5617
5620
5623
5627
5630
5633
5636
5639
5642
5646
5649
5652
5652
5655
5658
5661
5661
5664
5667
5670
5673
5685
5688
5689
5691
5692
5692
5694
5697
5701
5704
5704
5707
5721
5726
5727
5727
5728
5730
5731
5733
5734
5737
5740
5751
5754
5754
5755
5755
5755
5757
5757
5760
5763
5764
5767
5770
5773
5773
5776
5779
5783
5786
5789
5793
5796
5799
5811
5811
5812
5812
5814
5814
5815
5815
5815
5817
5818
5820
5824
5824
5827
5830
5830
5833
5833
5833
5836
5839
5842
5842
5846
5846
5846
5849
5861
5861
5862
5862
5869
5870
5870
5870
5872
5876
5876
5879
5882
5882
5885
5888
5899
5900
5900
5900
5903
5903
5913
5917
5920
5920
5923
5923
5927
5930
5930
5933
5937
5942
5945
5959
5964
5967
5971
5985
5988
5991
5991
5992
5995
5998
6001
6001
6005
6008
6011
6025
6028
6032
6032
6032
6033
6047
6050
6050
6051
6053
6054
6057
6061
6065
6079
6083
6083
6083
6083
6087
6091
6095
6099
6103
6107
6111
6114
6118
6121
6135
6135
6136
6141
6141
6142
6144
6147
6150
6153
6156
6171
6171
6172
6172
6175
6181
6184
6187
6190
6193
6193
6196
6199
6202
6206
6209
6210
6213
6216
6219
6222
6222
6225
6225
6228
6232
6232
6235
6238
6238
6241
6244
6244
6247
6247
6250
6253
6253
6257
6260
6263
6263
6266
6281
6281
6282
6284
6284
6285
6285
6287
6288
6290
6293
6297
6300
6300
6303
6303
6306
6309
6312
6315
6316
6319
6322
6322
6325
6328
6331
6332
6335
6339
6342
6345
6348
6351
6351
6354
6357
6360
6364
6367
6370
6373
6373
6376
6379
6382
6385
6385
6388
6392
6392
6395
6398
6409
6412
6416
6416
6416
6419
6422
6425
6430
6433
6437
6440
6443
6447
6463
6466
6469
6470
6470
6470
6473
6473
6476
6479
6482
6483
6495
6495
6496
6498
6498
6499
6499
6509
6510
6513
6516
6519
6519
6520
6523
6526
6530
6532
6535
6536
6538
6541
6545
6548
6548
6551
6554
6557
6557
6558
6560
6574
6574
6574
6575
6575
6576
6580
6580
6583
6586
6589
6589
6592
6603
6606
6609
6610
6612
6616
6616
6619
6623
6626
6629
6633
6636
6639
6642
6645
6648
6652
6654
6658
6658
6661
6664
6667
6679
6680
6681
6683
6683
6684
6684
6686
6686
6686
6689
6692
6692
6695
6698
6701
6714
6714
6714
6714
6715
6716
6717
6717
6720
6720
6723
6726
6726
6726
6729
6732
6744
6744
6744
6745
6745
6745
6747
6747
6747
6760
6760
6762
6766
6766
6766
6767
6767
6769
6772
6772
6775
6788
6788
6788
6788
6789
6791
6794
6794
6797
6800
6800
6800
6813
6814
6814
6819
6823
6823
6823
6823
6826
6826
6829
6832
6832
6835
6835
6838
6841
6842
6844
6848
6848
6851
6851
6863
6866
6866
6869
6870
6872
6873
6873
6876
6879
6882
6882
6885
6885
6899
6900
6900
6900
6901
6903
6913
6913
6914
6915
6915
6916
6916
6919
6919
6922
6926
6929
6932
6943
6946
6950
6950
6950
6950
6953
6956
6959
6959
6963
6966
6966
6969
6981
6984
6986
6986
6992
6992
6993
6993
6995
6996
6998
7001
7001
7004
7008
7008
7011
7014
7014
7017
7018
7020
7031
7032
7032
7032
7032
7039
7043
7046
7046
7049
7053
7053
7053
7056
7059
7062
7066
7066
7069
7073
7074
7085
7085
7085
7086
7086
7086
7089
7092
7095
7095
7099
7102
7106
7120
7123
7126
7126
7129
7129
7130
7133
7136
7139
7142
7142
7147
7147
7160
7160
7165
7166
7166
7166
7177
7181
7184
7189
7193
7207
7211
7212
7215
7215
7218
7221
7224
7227
7240
7240
7240
7243
7246
7249
7263
7266
7266
7267
7270
7270
7273
7273
7276
7279
7282
7286
7289
7289
7293
7296
7299
7302
7306
7309
7323
7327
7327
7328
7330
7334
7338
7341
7344
7347
7351
7355
7359
7362
7365
7369
7375
7381
7385
7389
7393
7396
7399
7415
7415
7421
7421
7422
7425
7429
7433
7437
7440
7443
7447
7451
7454
7457
7460
7463
7466
7471
7475
7478
7483
7486
7491
7503
7506
7509
7512
7512
7513
7515
7519
7525
7529
7533
7537
7541
7544
7547
7547
7551
7554
7557
7561
7564
7564
7567
7570
7573
7577
7591
7594
7597
7598
7598
7601
7601
7605
7611
7615
7619
7622
7626
7629
7632
7635
7635
7639
7642
7646
7646
7649
7652
7652
7655
7655
7658
7661
7661
7664
7667
7668
7671
7674
7674
7677
7680
7680
7683
7683
7686
7689
7692
7693
7696
7696
7699
7702
7705
7705
7708
7711
7714
7717
7717
7720
7723
7724
7727
7741
7741
7742
7742
7742
7744
7747
7750
7753
7754
7757
7760
7760
7763
7763
7766
7769
7773
7785
7788
7788
7789
7789
7792
7795
7798
7801
7805
7808
7811
7814
7817
7820
7824
7827
7827
7841
7844
7844
7847
7850
7851
7853
7854
7857
7860
7873
7876
7876
7876
7877
7879
7882
7885
7888
7892
7892
7895
7898
7901
7901
7905
7908
7911
7911
7914
7917
7918
7920
7924
7924
7927
7942
7942
7942
7943
7943
7943
7945
7949
7952
7956
7956
7959
7963
7966
7969
7972
7973
7975
7976
7989
7990
7990
7990
7991
7993
7996
7996
7999
8011
8011
8012
8012
8012
8014
8014
8018
8018
8021
8024
8027
8027
8030
8033
8036
8039
8051
8054
8054
8055
8055
8055
8057
8071
8071
8072
8072
8072
8074
8077
8078
8080
8084
8084
8087
8090
8090
8093
8093
8096
8099
8102
8102
8105
8106
8109
8109
8112
8116
8116
8119
8122
8122
8125
8125
8128
8131
8143
8143
8144
8144
8144
8146
8146
8149
8150
8152
8156
8156
8159
8162
8162
8165
8165
8168
8171
8172
8175
8176
8179
8179
8193
8196
8200
8200
8200
8201
8203
8203
8206
8219
8220
8220
8220
8221
8222
8223
8226
8226
8229
8232
8232
8235
8238
8241
8241
8244
8247
8247
8251
8254
8257
8257
8260
8263
8263
8266
8279
8282
8286
8286
8286
8287
8287
8289
8292
8303
8306
8306
8310
8310
8310
8313
8313
8316
8319
8331
8331
8332
8332
8332
8333
8335
8338
8342
8342
8345
8345
8348
8352
8354
8358
8358
8371
8374
8374
8377
8378
8379
8379
8382
8384
8388
8391
8391
8394
8397
8397
8400
8413
8413
8414
8414
8416
8416
8417
8420
8420
8423
8426
8426
8429
8432
8443
8443
8446
8446
8447
8447
8447
8450
8450
8453
8453
8456
8460
8460
8463
8463
8466
8469
8469
8472
8473
8476
8476
8479
8482
8482
8483
8486
8486
8489
8492
8492
8495
8495
8499
8499
8502
8502
8505
8505
8517
8517
8518
8518
8518
8519
8521
8521
8521
8527
8527
8530
8543
8546
8549
8549
8550
8550
8550
8551
8552
8556
8556
8559
8562
8562
8565
8565
8568
8568
8571
8571
8572
8574
8578
8578
8578
8580
8584
8584
8587
8590
8590
8590
8603
8603
8606
8609
8609
8610
8610
8610
8611
8612
8616
8616
8619
8622
8622
8622
8625
8625
8628
8629
8632
8632
8633
8635
8640
8640
8640
8641
8641
8644
8645
8648
8648
8651
8663
8664
8664
8666
8667
8667
8667
8667
8670
8670
8670
8673
8676
8676
8679
8682
8682
8682
8695
8695
8701
8701
8702
8702
8702
8702
8705
8708
8708
8708
8711
8711
8715
8717
8720
8723
8735
8738
8738
8738
8739
8739
8745
8745
8745
8748
8749
8751
8752
8755
8767
8767
8770
8773
8773
8774
8774
8774
8776
8779
8792
8792
8793
8793
8793
8799
8803
8803
8803
8803
8804
8815
8816
8816
8817
8817
8818
8818
8819
8822
8822
8825
8828
8828
8828
8831
8845
8845
8846
8846
8848
8849
8849
8849
8852
8852
8855
8858
8858
8861
8861
8864
8867
8867
8870
8873
8873
8876
8880
8880
8883
8886
8886
8889
8889
8893
8896
8909
8910
8910
8911
8912
8913
8913
8916
8916
8919
8922
8922
8925
8925
8928
8931
8931
8934
8938
8938
8941
8944
8947
8947
8950
8953
8953
8956
8959
8959
8963
8966
8966
8969
8972
8977
8977
8977
8980
8982
8986
8986
8999
9003
9003
9006
9006
9006
9007
9007
9009
9010
9013
9016
9016
9019
9022
9022
9025
9026
9029
9033
9036
9036
9039
9042
9042
9045
9049
9052
9052
9055
9055
9058
9062
9065
9065
9068
9071
9072
9075
9075
9078
9081
9082
9085
9088
9088
9091
9091
9094
9098
9098
9111
9112
9114
9118
9118
9119
9119
9119
9122
9122
9124
9128
9128
9131
9131
9135
9138
9138
9142
9153
9156
9160
9160
9160
9161
9161
9163
9163
9166
9169
9173
9176
9176
9179
9182
9185
9189
9192
9192
9195
9195
9200
9203
9203
9206
9209
9211
9214
9227
9227
9228
9228
9228
9230
9231
9233
9234
9236
9240
9240
9243
9243
9246
9246
9249
9249
9252
9265
9268
9271
9272
9272
9274
9278
9278
9281
9284
9287
9287
9291
9294
9300
9303
9306
9306
9309
9312
9315
9315
9318
9321
9324
9327
9328
9331
9345
9345
9346
9346
9348
9349
9351
9352
9355
9363
9366
9369
9369
9372
9375
9375
9378
9381
9382
9385
9388
9388
9391
9391
9394
9394
9397
9397
9400
9404
9404
9407
9407
9410
9413
9416
9416
9416
9419
9419
9422
9425
9426
9429
9432
9432
9435
9438
9438
9441
9444
9444
9447
9450
9453
9454
9454
9457
9460
9460
9463
9463
9477
9480
9483
9483
9484
9484
9484
9486
9490
9490
9493
9496
9499
9502
9502
9502
9505
9506
9508
9511
9511
9514
9517
9518
9521
9524
9535
9538
9538
9541
9542
9544
9545
9547
9551
9554
9557
9560
9563
9563
9566
9569
9570
9573
9585
9588
9599
9599
9602
9606
9606
9610
9623
9623
9624
9629
9630
9630
9630
9632
9636
9639
9642
9645
9645
9649
9652
9655
9658
9661
9661
9675
9675
9676
9676
9683
9686
9686
9687
9687
9687
9689
9692
9695
9696
9711
9711
9712
9714
9714
9719
9722
9722
9723
9723
9725
9725
9728
9732
9732
9735
9747
9750
9750
9751
9751
9751
9753
9756
9769
9772
9775
9776
9776
9776
9776
9778
9782
9782
9785
9788
9788
9791
9791
9794
9797
9797
9800
9804
9804
9817
9820
9821
9821
9821
9827
9827
9830
9830
9831
9833
9847
9847
9848
9848
9855
9855
9861
9861
9861
9864
9864
9867
9867
9870
9873
9874
9877
9880
9880
9880
9883
9886
9886
9889
9889
9892
9892
9895
9895
9898
9898
9901
9902
9905
9908
9908
9911
9914
9925
9925
9926
9926
9928
9929
9929
9932
9935
9947
9947
9948
9948
9950
9950
9953
9956
9960
9960
9962
9966
9969
9972
9975
9975
9978
9981
9984
9987
9988
9990
9994
9997
9997
10000
10003
10006
10009
10012
10013
10015
10016
10019
10022
10022
10025
10025
10028
10031
10031
10034
10034
10037
10038
10051
10055
10055
10055
10055
10056
10056
10058
10061
10064
10064
10064
10067
10067
10070
10073
10073
10076
10089
10089
10090
10090
10092
10092
10093
10095
10096
10098
10102
10102
10105
10105
10109
10110
10111
10114
10117
10117
10120
10123
10124
10128
10130
10130
10144
10144
10144
10144
10145
10145
10147
10150
10153
10153
10156
10159
10162
10162
10165
10166
10169
10172
10172
10175
10178
10178
10181
10184
10187
10187
10191
10194
10198
10198
10200
10200
10203
10203
10206
10209
10210
10223
10223
10228
10228
10228
10229
10229
10229
10229
10231
10231
10234
10234
10237
10237
10241
10241
10244
10244
10247
10247
10247
10250
10253
10253
10254
10257
10260
10260
10263
10263
10264
10267
10267
10281
10284
10284
10285
10288
10291
10291
10294
10294
10305
10306
10306
10306
10306
10307
10309
10312
10315
10315
10318
10322
10322
10325
10325
10325
10328
10332
10335
10335
10335
10338
10341
10342
10345
10345
10348
10348
10362
10364
10367
10367
10368
10370
10370
10373
10377
10380
10380
10383
10383
10387
10387
10390
10393
10393
10407
10407
10411
10411
10414
10417
10417
10420
10423
10427
10431
10433
10434
10436
10439
10440
10442
10446
10446
10449
10452
10463
10467
10468
10469
10470
10473
10473
10476
10476
10479
10482
10486
10489
10492
10495
10498
10501
10504
10507
10511
10514
10517
10520
10523
10523
10527
10530
10533
10533
10540
10542
10546
10546
10549
10552
10555
10555
10558
10561
10564
10567
10568
10571
10574
10577
10580
10580
10583
10584
10586
10590
10590
10590
10593
10596
10596
10599
10602
10602
10605
10605
10606
10609
10610
10613
10616
10619
10622
10622
10625
10626
10626
10628
10632
10632
10635
10638
10639
10639
10641
10644
10644
10647
10647
10661
10662
10662
10664
10665
10665
10665
10668
10668
10671
10674
10674
10677
10677
10681
10684
10687
10687
10690
10693
10693
10696
10699
10700
10702
10705
10706
10709
10712
10712
10715
10728
10728
10728
10729
10729
10729
10731
10731
10734
10734
10737
10737
10738
10740
10744
10744
10746
10750
10750
10753
10756
10756
10756
10759
10762
10762
10765
10766
10768
10771
10772
10772
10774
10778
10778
10781
10784
10787
10787
10790
10793
10794
10797
10800
10800
10803
10806
10806
10806
10809
10823
10823
10824
10826
10827
10827
10827
10828
10830
10830
10830
10843
10846
10847
10847
10847
10848
10849
10850
10852
10856
10856
10856
10859
10871
10871
10872
10877
10880
10880
10883
10886
10887
10887
10887
10890
10893
10896
10896
10899
10902
10902
10905
10905
10908
10911
10912
10914
10930
10930
10930
10930
10931
10931
10932
10934
10935
10947
10947
10950
10950
10951
10951
10952
10952
10953
10954
10967
10967
10968
10968
10970
10970
10971
10971
10973
10974
10987
10987
10988
10993
10993
10994
10997
10997
10998
11007
11007
11008
11008
11010
11013
11014
11016
11020
11020
11023
11026
11026
11029
11030
11032
11045
11045
11046
11046
11048
11049
11049
11052
11052
11055
11058
11058
11058
11061
11064
11067
11079
11080
11080
11085
11085
11086
11088
11089
11092
11092
11095
11098
11098
11101
11101
11104
11107
11107
11110
11114
11114
11117
11120
11120
11123
11135
11135
11136
11136
11138
11138
11139
11139
11142
11142
11145
11149
11159
11160
11160
11160
11165
11166
11166
11166
11167
11167
11169
11173
11173
11176
11176
11179
11182
11183
11186
11186
11189
11192
11193
11195
11196
11199
11202
11202
11205
11217
11218
11221
11221
11222
11222
11224
11224
11227
11228
11231
11234
11234
11237
11237
11240
11241
11243
11243
11246
11260
11260
11260
11260
11261
11262
11263
11263
11266
11266
11279
11282
11286
11286
11286
11289
11292
11303
11303
11303
11304
11304
11306
11309
11309
11312
11313
11315
11327
11327
11330
11330
11331
11331
11333
11333
11336
11340
11340
11343
11346
11349
11352
11355
11355
11356
11369
11372
11376
11376
11376
11376
11377
11379
11382
11385
11385
11388
11391
11391
11394
11397
11398
11400
11404
11404
11407
11410
11410
11413
11416
11419
11422
11425
11425
11429
11432
11435
11438
11441
11441
11444
11447
11448
11450
11454
11457
11461
11461
11463
11466
11469
11469
11472
11476
11490
11490
11490
11493
11494
11494
11496
11497
11501
11504
11507
11510
11513
11514
11516
11521
11521
11523
11526
11526
11529
11532
11535
11547
11548
11548
11548
11551
11551
11551
11554
11554
11557
11560
11571
11574
11575
11575
11575
11576
11577
11578
11593
11596
11596
11597
11597
11599
11603
11606
11609
11609
11612
11615
11618
11622
11623
11625
11629
11632
11635
11638
11642
11642
11645
11657
11657
11658
11658
11660
11661
11663
11663
11666
11667
11671
11674
11674
11677
11677
11680
11683
11683
11686
11689
11692
11692
11695
11698
11701
11702
11705
11708
11708
11711
11711
11715
11717
11717
11720
11733
11734
11734
11734
11734
11736
11737
11740
11751
11754
11755
11757
11758
11759
11761
11765
11768
11771
11774
11777
11780
11780
11793
11796
11799
11799
11800
11802
11805
11806
11809
11812
11815
11827
11827
11830
11832
11832
11832
11833
11847
11850
11850
11851
11851
11853
11853
11859
11862
11876
11876
11876
11879
11882
11885
11888
11891
11894
11898
11901
11913
11913
11914
11914
11914
11917
11919
11922
11926
11929
11932
11936
11940
11943
11946
11946
11961
11962
11963
11963
11963
11965
11966
11969
11972
11975
11978
11982
11982
11985
11988
11988
11991
11994
11997
12009
12010
12010
12010
12013
12013
12013
12025
12028
12028
12031
12032
12032
12032
12035
12038
12038
12041
12044
12044
12047
12050
12050
12053
12053
12054
12056
12069
12072
12073
12076
12076
12076
12079
12079
12088
12089
12095
12099
12101
12105
12106
12108
12111
12111
12112
12114
12117
12117
12120
12120
12133
12133
12134
12134
12136
12137
12137
12137
12140
12140
12143
12155
12159
12159
12159
12159
12160
12160
12160
12161
12165
12165
12168
12168
12171
12171
12174
12174
12177
12177
12180
12183
12183
12184
12186
12189
12190
12190
12192
12196
12196
12196
12199
12202
12202
12215
12215
12216
12216
12216
12217
12218
12221
12221
12224
12227
12228
12228
12231
12234
12234
12234
12237
12240
12251
12254
12254
12257
12257
12260
12261
12264
12267
12270
12270
12273
12273
12287
12288
12288
12288
12289
12289
12289
12290
12294
12294
12296
12300
12300
12300
12303
12303
12317
12318
12318
12318
12318
12320
12331
12331
12332
12337
12340
12340
12347
12347
12350
12350
12355
12358
12361
12362
12364
12367
12370
12374
12374
12377
12380
12383
12383
12386
12389
12390
12393
12405
12409
12409
12409
12409
12415
12415
12418
12418
12419
12421
12422
12424
12428
12431
12434
12434
12447
12447
12448
12448
12448
12451
12454
12454
12457
12460
12460
12463
12475
12475
12478
12481
12482
12482
12482
12484
12488
12489
12502
12502
12502
12502
12504
12507
12511
12514
12514
12517
12520
12523
12526
12529
12530
12532
12535
12536
12539
12551
12552
12552
12552
12553
12554
12555
12555
12557
12558
12560
12564
12564
12564
12567
12570
12581
12582
12584
12588
12588
12588
12590
12591
12594
12597
12600
12603
12615
12616
12616
12616
12618
12618
12621
12622
12625
12628
12628
12631
12634
12634
12637
12637
12640
12643
12655
12656
12656
12659
12659
12659
12659
12660
12662
12662
12662
12665
12677
12678
12678
12678
12679
12680
12691
12692
12696
12696
12696
12697
12697
12698
12698
12701
12701
12704
12704
12707
12707
12710
12713
12713
12716
12720
12723
12726
12726
12726
12729
12732
12732
12735
12735
12738
12741
12742
12744
12748
12748
12751
12754
12757
12760
12760
12763
12764
12764
12766
12779
12782
12783
12783
12783
12783
12784
12784
12785
12786
12789
12789
12792
12792
12795
12798
12798
12798
12801
12801
12804
12807
12820
12820
12820
12821
12821
12821
12823
12823
12826
12829
12832
12832
12833
12835
12847
12850
12850
12851
12851
12851
12852
12853
12856
12860
12860
12863
12866
12866
12869
12869
12872
12872
12875
12875
12876
12878
12881
12882
12884
12888
12888
12891
12894
12894
12897
12897
12900
12900
12903
12903
12906
12909
12910
12912
12916
12916
12919
12922
12922
12925
12925
12928
12931
12931
12934
12937
12938
12941
12944
12944
12947
12950
12950
12953
12953
12956
12959
12959
12962
12966
12966
12969
12972
12972
12983
12983
12984
12984
12986
12987
12987
12987
12997
13000
13003
13004
13005
13005
13005
13006
13006
13010
13010
13013
13016
13016
13019
13019
13022
13025
13025
13026
13028
13032
13032
13035
13035
13038
13038
13038
13041
13041
13044
13044
13057
13060
13063
13063
13064
13067
13069
13070
13073
13076
13079
13083
13087
13087
13088
13090
13094
13094
13097
13100
13104
13104
13107
13110
13110
13112
13116
13116
13119
13119
13131
13131
13132
13132
13132
13132
13134
13138
13138
13141
13144
13144
13157
13158
13158
13158
13160
13161
13164
13164
13167
13171
13171
13171
13183
13184
13185
13191
13191
13191
13192
13192
13192
13193
13194
13195
13199
13199
13202
13202
13206
13207
13210
13210
13213
13216
13216
13219
13219
13222
13225
13225
13228
13231
13231
13234
13238
13238
13238
13241
13244
13244
13248
13259
13259
13260
13260
13262
13263
13266
13269
13272
13275
13275
13278
13281
13284
13287
13287
13290
13293
13296
13300
13303
13303
13307
13310
13313
13316
13320
13320
13323
13326
13329
13332
13332
13335
13338
13341
13342
13344
13357
13362
13362
13363
13363
13366
13367
13370
13373
13376
13379
13382
13385
13385
13388
13392
13392
13395
13395
13398
13401
13401
13404
13407
13411
13414
13417
13420
13420
13423
13423
13426
13429
13430
13432
13436
13447
13450
13453
13453
13454
13456
13459
13460
13462
13466
13469
13472
13472
13485
13485
13491
13491
13491
13494
13494
13497
13500
13503
13504
13506
13507
13510
13510
13513
13516
13516
13519
13522
13522
13525
13528
13532
13532
13535
13538
13541
13541
13544
13547
13547
13550
13553
13553
13556
13560
13560
13563
13566
13566
13569
13572
13572
13575
13575
13578
13581
13582
13584
13588
13588
13591
13594
13597
13597
13600
13603
13603
13606
13610
13610
13613
13616
13616
13619
13622
13622
13622
13625
13628
13632
13635
13638
13638
13651
13652
13654
13655
13655
13655
13656
13659
13662
13666
13666
13671
13674
13677
13680
13683
13684
13686
13700
13700
13700
13701
13701
13702
13703
13706
13707
13709
13712
13716
13727
13728
13728
13733
13733
13734
13734
13747
13747
13747
13748
13750
13750
13753
13753
13756
13759
13763
13766
13766
13769
13772
13772
13775
13776
13791
13792
13792
13793
13793
13794
13807
13807
13808
13808
13808
13810
13813
13814
13817
13820
13820
13823
13826
13837
13838
13838
13838
13841
13844
13847
13850
13853
13856
13859
13863
13866
13866
13869
13872
13875
13875
13878
13881
13881
13884
13887
13888
13901
13904
13907
13907
13908
13908
13910
13914
13914
13917
13920
13920
13923
13936
13936
13936
13936
13944
13944
13945
13945
13945
13947
13947
13951
13954
13957
13960
13963
13963
13966
13970
13970
13972
13976
13987
13987
13990
13991
13991
13993
13994
14009
14009
14012
14013
14013
14013
14016
14016
14019
14022
14025
14025
14028
14031
14031
14034
14037
14040
14044
14044
14047
14050
14050
14063
14066
14069
14069
14070
14070
14072
14076
14079
14082
14085
14088
14091
14091
14094
14097
14098
14100
14103
14104
14106
14110
14110
14113
14113
14116
14119
14122
14122
14125
14125
14129
14132
14132
14135
14138
14151
14151
14152
14152
14154
14154
14155
14155
14157
14161
14164
14175
14179
14179
14179
14180
14180
14181
14182
14183
14186
14186
14189
14192
14192
14193
14195
14196
14199
14202
14202
14205
14217
14220
14221
14224
14224
14224
14227
14227
14228
14231
14235
14238
14241
14253
14253
14254
14254
14261
14261
14262
14262
14264
14265
14267
14268
14270
14274
14274
14277
14280
14280
14283
14295
14296
14296
14296
14296
14299
14302
14305
14306
14309
14312
14312
14315
14315
14319
14322
14325
14328
14331
14335
14338
14338
14341
14344
14344
14347
14350
14353
14353
14356
14359
14363
14366
14366
14369
14372
14375
14375
14378
14381
14381
14385
14388
14391
14391
14394
14397
14401
14404
14407
14410
14413
14413
14416
14419
14420
14422
14426
14437
14437
14441
14444
14444
14445
14445
14447
14450
14453
14454
14457
14461
14463
14463
14466
14469
14470
14472
14476
14476
14479
14482
14485
14485
14488
14491
14491
14494
14497
14498
14501
14503
14504
14507
14510
14511
14513
14513
14516
14519
14523
14525
14526
14537
14541
14541
14544
14545
14545
14545
14547
14559
14562
14563
14565
14566
14566
14566
14567
14569
14572
14575
14579
14591
14594
14597
14597
14598
14600
14603
14606
14610
14613
14613
14617
14621
14623
14624
14626
14629
14633
14636
14639
14642
14642
14645
14648
14651
14651
14654
14657
14658
14660
14664
14664
14667
14670
14673
14673
14676
14679
14691
14692
14692
14692
14692
14705
14705
14706
14706
14708
14708
14711
14715
14719
14724
14726
14729
14729
14733
14737
14740
14743
14755
14756
14758
14759
14759
14760
14761
14762
14765
14768
14771
14771
14775
14778
14781
14781
14784
14787
14791
14791
14794
14797
14809
14809
14810
14810
14815
14818
14819
14819
14819
14821
14826
14828
14828
14831
14834
14834
14837
14840
14843
14846
14849
14852
14855
14856
14858
14871
14871
14871
14871
14874
14877
14880
14883
14884
14887
14890
14893
14893
14896
14911
14911
14912
14912
14912
14914
14917
14920
14923
14924
14927
14931
14943
14946
14946
14947
14947
14949
14949
14953
14956
14959
14962
14965
14965
14969
14972
14987
14987
14988
14990
14990
14993
14996
14999
15000
15013
15014
15017
15017
15020
15031
15031
15032
15039
15040
15040
15042
15046
15049
15052
15055
15055
15059
15063
15067
15070
15073
15076
15079
15080
15082
15086
15089
15092
15095
15096
15098
15102
15102
15105
15108
15119
15122
15125
15126
15126
15129
15132
15135
15138
15141
15141
15145
15148
15151
15151
15154
15157
15157
15160
15164
15167
15170
15170
15173
15177
15180
15183
15183
15186
15189
15193
15196
15199
15202
15205
15205
15208
15211
15212
15215
15218
15221
15221
15224
15227
15239
15240
15240
15242
15243
15243
15243
15245
15246
15249
15252
15252
15255
15255
15258
15261
15273
15276
15276
15276
15277
15279
15282
15285
15286
15289
15292
15295
15296
15311
15314
15314
15315
15315
15315
15317
15320
15323
15324
15326
15329
15330
15333
15345
15345
15346
15348
15349
15351
15352
15354
15358
15358
15361
15364
15377
15380
15381
15381
15381
15387
15390
15393
15407
15410
15410
15411
15411
15413
15414
15417
15420
15423
15426
15429
15429
15432
15435
15436
15438
15442
15445
15448
15448
15451
15451
15454
15457
15457
15461
15465
15468
15471
15471
15474
15477
15477
15480
15483
15484
15486
15491
15495
15507
15510
15510
15511
15511
15511
15512
15513
15516
15519
15520
15523
15526
15529
15532
15532
15535
15535
15536
15538
15541
15542
15544
15548
15548
15551
15554
15554
15557
15569
15573
15573
15573
15574
15576
15576
15579
15582
15585
15588
15591
15595
15598
15601
15602
15605
15609
15612
15615
15615
15619
15623
15625
15626
15629
15629
15632
15635
15635
15638
15641
15641
15645
15648
15651
15651
15654
15657
15658
15660
15661
15663
15664
15667
15670
15673
15673
15676
15679
15682
15689
15692
15699
15703
15725
15728
15731
15734
15738
15738
15740
15744
15744
15747
15750
15750
15763
15766
15766
15767
15767
15769
15772
15776
15776
15779
15779
15785
15788
15791
15791
15794
15797
15797
15800
15803
15804
15806
15810
15810
15813
15816
15816
15819
15822
15822
15825
15825
15826
15829
15830
15832
15835
15836
15839
15842
15842
15845
15848
15848
15861
15862
15862
15862
15862
15864
15868
15868
15870
15874
15877
15877
15880
15883
15883
15886
15889
15903
15904
15904
15904
15904
15906
15907
15917
15917
15918
15918
15920
15921
15921
15921
15923
15937
15937
15938
15940
15945
15948
15951
15952
15952
15955
15955
15958
15961
15962
15965
15968
15968
15971
15972
15974
15978
15978
15981
15981
15985
15988
15988
15991
15991
15992
15994
15998
15998
16001
16001
16004
16007
16019
16023
16023
16023
16024
16024
16027
16030
16033
16034
16037
16040
16040
16043
16060
16060
16060
16060
16063
16066
16069
16072
16073
16076
16076
16079
16082
16082
16085
16086
16089
16092
16092
16095
16095
16109
16112
16113
16113
16113
16114
16116
16119
16119
16120
16122
16126
16126
16129
16132
16132
16135
16136
16139
16142
16145
16145
16148
16152
16152
16152
16156
16156
16159
16160
16163
16163
16166
16170
16170
16173
16176
16188
16192
16192
16195
16195
16196
16196
16198
16202
16205
16205
16208
16211
16212
16215
16215
16218
16222
16222
16225
16225
16228
16231
16231
16235
16238
16238
16241
16241
16243
16245
16246
16249
16249
16252
16252
16255
16256
16259
16262
16262
16265
16265
16265
16268
16272
16272
16275
16288
16288
16289
16295
16295
16296
16296
16298
16298
16301
16304
16308
16308
16311
16311
16314
16314
16317
16320
16320
16323
16325
16326
16329
16329
16332
16335
16336
16339
16345
16345
16346
16348
16348
16351
16351
16354
16357
16358
16360
16364
16364
16367
16370
16370
16383
16383
16384
16384
16386
16386
16387
16387
16389
16390
16393
16396
16396
16409
16412
16413
16413
16414
16414
16415
16416
16418
16422
16425
16428
16428
16431
16431
16443
16443
16447
16447
16447
16450
16451
16451
16453
16456
16460
16471
16472
16472
16474
16475
16475
16475
16477
16480
16483
16484
16486
16490
16490
16493
16496
16499
16503
16505
16505
16509
16512
16515
16516
16519
16522
16522
16525
16525
16531
16534
16537
16537
16551
16552
16552
16557
16557
16558
16560
16560
16563
16564
16566
16570
16570
16573
16573
16576
16579
16582
16585
16585
16588
16591
16592
16595
16598
16598
16601
16604
16607
16607
16610
16613
16613
16616
16619
16620
16623
16626
16626
16626
16629
16632
16632
16635
16635
16638
16638
16651
16654
16654
16655
16657
16657
16658
16658
16660
16663
16664
16667
16670
16670
16670
16673
16673
16676
16679
16682
16682
16683
16687
16690
16693
16697
16701
16704
16704
16704
16707
16707
16710
16713
16713
16714
16717
16720
16720
16720
16723
16723
16726
16727
16730
16730
16733
16733
16733
16736
16739
16740
16743
16743
16743
16746
16749
16750
16750
16753
16756
16757
16769
16769
16773
16776
16776
16777
16777
16777
16778
16780
16780
16783
16783
16783
16786
16789
16790
16790
16793
16793
16796
16799
16799
16803
16804
16804
16807
16810
16810
16813
16813
16814
16816
16819
16820
16823
16826
16826
16829
16829
16832
16832
16835
16838
16838
16841
16841
16844
16847
16847
16850
16854
16854
16857
16860
16860
16863
16863
16866
16870
16870
16870
16873
16873
16876
16880
16880
16880
16883
16883
16886
16889
16889
16890
16893
16896
16896
16899
16902
16902
16903
16906
16906
16909
16912
16912
16915
16915
16918
16931
16934
16934
16938
16938
16939
16939
16939
16941
16941
16945
16948
16948
16948
16951
16951
16954
16957
16958
16961
16964
16964
16964
16967
16967
16970
16974
16974
16974
16977
16977
16980
16984
16984
16987
16990
16990
16991
16993
16994
16997
17000
17000
17001
17003
17003
17007
17007
17010
17021
17024
17027
17027
17028
17028
17029
17030
17034
17034
17047
17047
17050
17050
17051
17053
17053
17058
17058
17059
17060
17064
17064
17064
17067
17070
17070
17083
17086
17086
17087
17087
17087
17087
17089
17090
17092
17093
17096
17096
17096
17110
17110
17110
17111
17111
17113
17123
17126
17126
17127
17127
17127
17129
17132
17133
17135
17136
17139
17142
17146
17146
17149
17152
17152
17152
17155
17155
17158
17161
17161
17162
17175
17178
17179
17179
17179
17179
17185
17186
17186
17186
17188
17191
17192
17195
17198
17201
17204
17204
17204
17207
17210
17210
17213
17214
17216
17220
17223
17223
17226
17226
17229
17232
17232
17235
17235
17238
17241
17242
17255
17258
17258
17259
17259
17259
17260
17261
17273
17274
17274
17279
17280
17280
17281
17282
17283
17284
17286
17286
17289
17292
17292
17295
17295
17296
17310
17311
17311
17311
17311
17312
17313
17313
17314
17316
17320
17320
17320
17323
17323
17326
17329
17330
17342
17342
17342
17342
17343
17343
17343
17345
17345
17348
17351
17352
17363
17366
17366
17367
17367
17367
17369
17372
17375
17376
17379
17382
17382
17385
17385
17388
17391
17391
17394
17397
17397
17400
17403
17404
17407
17410
17410
17413
17413
17416
17419
17431
17431
17432
17432
17432
17434
17437
17449
17449
17452
17453
17453
17453
17453
17454
17465
17469
17470
17471
17474
17475
17476
17477
17478
17481
17484
17484
17487
17487
17490
17494
17494
17497
17497
17500
17503
17506
17510
17510
17513
17513
17516
17519
17520
17523
17523
17526
17529
17529
17532
17536
17536
17549
17549
17550
17550
17550
17551
17553
17556
17561
17563
17564
17567
17570
17570
17573
17576
17580
17580
17583
17583
17583
17586
17599
17602
17606
17606
17606
17607
17607
17607
17609
17609
17613
17616
17616
17617
17631
17632
17632
17632
17633
17634
17635
17635
17637
17638
17639
17651
17656
17656
17656
17656
17657
17657
17658
17660
17664
17667
17670
17670
17673
17676
17679
17682
17685
17685
17688
17691
17692
17695
17698
17698
17701
17701
17704
17707
17707
17710
17713
17714
17717
17720
17723
17724
17726
17730
17730
17743
17748
17749
17749
17752
17753
17755
17759
17762
17765
17765
17769
17773
17785
17785
17785
17786
17786
17788
17788
17791
17792
17795
17807
17807
17808
17808
17808
17811
17811
17814
17817
17820
17823
17824
17827
17827
17831
17834
17838
17838
17842
17845
17845
17849
17865
17865
17865
17866
17866
17868
17872
17872
17875
17875
17878
17881
17882
17895
17899
17899
17899
17900
17905
17911
17911
17915
17919
17922
17922
17923
17925
17937
17937
17940
17941
17941
17941
17944
17945
17947
17947
17948
17950
17953
17954
17957
17971
17971
17972
17972
17974
17981
17981
17982
17989
17990
17990
17990
17990
17992
17996
18007
18007
18008
18008
18010
18011
18013
18014
18027
18027
18031
18034
18037
18037
18041
18042
18044
18047
18047
18050
18063
18064
18064
18064
18065
18065
18067
18070
18070
18073
18076
18089
18092
18093
18093
18093
18094
18096
18099
18102
18105
18109
18112
18112
18115
18118
18121
18135
18138
18138
18139
18139
18141
18141
18145
18149
18153
18156
18159
18162
18162
18165
18168
18171
18171
18175
18178
18189
18190
18190
18192
18193
18193
18193
18205
18209
18209
18209
18211
18215
18218
18218
18221
18224
18227
18230
18233
18233
18236
18239
18243
18256
18256
18256
18256
18257
18257
18270
18270
18270
18270
18272
18273
18276
18279
18282
18285
18288
18303
18304
18304
18306
18309
18312
18315
18318
18322
18322
18325
18328
18331
18331
18334
18339
18342
18345
18346
18349
18352
18355
18356
18359
18362
18362
18365
18365
18368
18371
18374
18374
18389
18390
18390
18390
18391
18393
18393
18396
18407
18407
18407
18410
18421
18421
18422
18422
18424
18427
18430
18433
18436
18440
18440
18453
18457
18457
18457
18471
18471
18472
18472
18472
18475
18478
18481
18481
18485
18488
18491
18494
18497
18497
18500
18503
18506
18510
18513
18516
18519
18522
18525
18529
18532
18535
18539
18542
18545
18549
18552
18555
18558
18561
18561
18565
18568
18571
18574
18578
18581
18584
18587
18590
18593
18593
18596
18599
18603
18606
18609
18612
18615
18616
18619
18633
18636
18639
18643
18646
18669
18673
18677
18680
18683
18686
18689
18689
18692
18695
18699
18702
18705
18709
18712
18712
18715
18715
18718
18721
18721
18725
18728
18739
18739
18740
18740
18740
18741
18749
18749
18750
18750
18750
18753
18767
18770
18770
18771
18771
18771
18772
18774
18774
18777
18777
18781
18784
18787
18787
18790
18794
18797
18797
18801
18803
18807
18810
18810
18823
18826
18829
18830
18830
18830
18833
18836
18839
18843
18847
18850
18853
18856
18859
18863
18863
18867
18870
18873
18876
18879
18879
18882
18886
18889
18892
18895
18895
18898
18901
18901
18904
18907
18908
18911
18914
18917
18920
18923
18926
18930
18930
18932
18936
18939
18942
18942
18945
18948
18951
18951
18954
18957
18961
18964
18969
18973
18976
18979
18982
18987
18990
18993
18993
19011
19011
19012
19014
19014
19015
19017
19020
19023
19024
19027
19031
19034
19049
19052
19052
19053
19057
19061
19064
19067
19070
19073
19077
19080
19083
19087
19090
19093
19096
19099
19102
19105
19109
19112
19127
19127
19128
19128
19128
19131
19134
19137
19140
19143
19146
19149
19152
19156
19159
19163
19177
19181
19181
19182
19182
19184
19187
19190
19194
19197
19200
19203
19203
19207
19211
19214
19218
19221
19224
19227
19230
19233
19236
19239
19251
19251
19252
19252
19261
19261
19261
19265
19269
19272
19275
19278
19281
19281
19284
19287
19290
19294
19294
19297
19300
19300
19303
19303
19306
19309
19309
19312
19315
19327
19330
19333
19334
19334
19337
19340
19343
19343
19346
19349
19349
19352
19356
19367
19370
19370
19371
19371
19371
19373
19374
19377
19380
19380
19383
19386
19389
19389
19392
19395
19409
19412
19415
19415
19418
19422
19422
19422
19425
19437
19440
19440
19442
19442
19443
19457
19457
19458
19467
19467
19467
19470
19473
19485
19486
19486
19486
19486
19488
19491
19492
19494
19498
19501
19501
19504
19507
19510
19513
19525
19529
19532
19532
19535
19535
19535
19547
19550
19550
19551
19554
19557
19564
19567
19571
19575
19579
19583
19586
19597
19600
19600
19600
19607
19607
19610
19613
19613
19617
19620
19623
19623
19637
19640
19643
19643
19646
19646
19650
19653
19656
19656
19659
19662
19665
19669
19672
19675
19678
19681
19681
19685
19689
19691
19694
19694
19697
19700
19703
19703
19707
19710
19713
19727
19731
19731
19731
19737
19737
19740
19743
19747
19751
19755
19758
19761
19761
19764
19767
19771
19774
19777
19780
19783
19787
19790
19805
19808
19809
19811
19814
19817
19821
19825
19841
19841
19842
19845
19845
19846
19848
19851
19855
19859
19862
19865
19868
19871
19874
19877
19880
19895
19895
19896
19896
19898
19901
19904
19908
19911
19914
19919
19922
19925
19928
19931
19934
19938
19951
19954
19954
19955
19955
19957
19960
19963
19967
19971
19974
19977
19977
19981
19984
19987
19990
20003
20003
20004
20004
20004
20009
20025
20028
20028
20035
20035
20038
20041
20053
20053
20054
20054
20057
20060
20075
20078
20079
20079
20081
20084
20087
20088
20091
20095
20111
20111
20115
20118
20118
20121
20127
20131
20135
20139
20143
20149
20153
20159
20163
20167
20171
20174
20177
20180
20184
20187
20190
20205
20205
20206
20209
20213
20217
20221
20225
20241
20244
20245
20245
20248
20251
20255
20269
20270
20270
20277
20281
20289
20293
20307
20310
20310
20313
20317
20321
20327
20331
20335
20338
20341
20345
20359
20362
20366
20366
20369
20372
20375
20389
20392
20396
20396
20399
20399
20402
20405
20408
20411
20414
20419
20422
20426
20426
20429
20433
20437
20453
20453
20454
20456
20471
20474
20474
20475
20477
20480
20483
20487
20491
20495
20498
20501
20505
20510
20513
20513
20516
20529
20532
20536
20536
20536
20536
20539
20542
20545
20546
20549
20552
20555
20558
20562
20565
20577
20577
20578
20580
20593
20597
20597
20601
20604
20607
20613
20616
20619
20622
20625
20637
20637
20640
20643
20657
20660
20663
20663
20666
20669
20673
20681
20699
20702
20702
20703
20705
20705
20709
20713
20717
20719
20733
20736
20739
20739
20743
20746
20749
20752
20755
20756
20759
20762
20766
20766
20769
20772
20775
20787
20790
20793
20793
20794
20794
20809
20810
20810
20810
20812
20816
20829
20830
20830
20833
20837
20840
20843
20846
20849
20852
20855
20869
20869
20870
20870
20872
20872
20875
20879
20882
20882
20885
20885
20889
20892
20895
20896
20899
20902
20905
20905
20908
20911
20911
20914
20917
20918
20921
20935
20936
20938
20942
20942
20945
20948
20948
20951
20951
20954
20957
20961
20964
20967
20967
20970
20973
20985
20988
20988
20989
20989
20989
20991
20994
20997
21001
21004
21007
21011
21014
21017
21031
21034
21037
21037
21038
21045
21049
21052
21055
21055
21058
21061
21075
21075
21076
21076
21078
21079
21079
21082
21085
21088
21091
21095
21099
21102
21105
21106
21108
21112
21112
21115
21118
21121
21121
21124
21127
21130
21133
21137
21140
21151
21151
21152
21159
21162
21166
21166
21166
21169
21173
21177
21180
21183
21195
21198
21198
21199
21201
21205
21208
21219
21220
21220
21220
21222
21226
21229
21233
21237
21240
21243
21247
21251
21255
21258
21261
21264
21267
21271
21274
21277
21280
21283
21286
21289
21292
21296
21296
21299
21302
21305
21305
21308
21311
21311
21314
21317
21320
21323
21324
21337
21342
21342
21342
21342
21343
21343
21346
21349
21353
21356
21356
21359
21362
21375
21378
21381
21381
21382
21382
21384
21399
21402
21405
21406
21406
21409
21412
21415
21418
21431
21434
21437
21437
21438
21440
21443
21447
21450
21465
21466
21469
21471
21474
21477
21483
21486
21489
21492
21495
21496
21498
21502
21502
21505
21508
21508
21511
21511
21514
21517
21517
21520
21523
21524
21526
21530
21530
21533
21536
21536
21539
21542
21542
21545
21545
21548
21552
21552
21565
21568
21569
21571
21571
21574
21575
21578
21581
21584
21587
21590
21595
21605
21606
21606
21607
21609
21613
21616
21619
21622
21626
21626
21629
21632
21634
21638
21641
21641
21644
21647
21647
21650
21653
21653
21657
21660
21660
21663
21663
21666
21671
21671
21673
21676
21679
21682
21682
21685
21689
21692
21692
21695
21698
21698
21701
21701
21704
21707
21707
21710
21713
21713
21716
21720
21720
21720
21723
21726
21730
21732
21735
21739
21780
21783
21783
21787
21790
21793
21805
21805
21806
21806
21808
21811
21814
21818
21821
21821
21824
21827
21831
21834
21837
21837
21841
21845
21848
21851
21854
21857
21860
21863
21863
21867
21870
21873
21876
21881
21884
21887
21887
21890
21893
21896
21899
21902
21906
21906
21909
21912
21915
21916
21919
21922
21922
21925
21928
21931
21934
21938
21941
21945
21955
21959
21962
21965
21968
21989
21990
21990
21997
22001
22004
22013
22016
22019
22019
22030
22033
22036
22045
22057
22060
22063
22066
22069
22070
22073
22076
22079
22082
22085
22097
22100
22103
22103
22104
22107
22110
22113
22117
22120
22123
22126
22129
22133
22136
22139
22142
22145
22148
22152
22155
22158
22158
22161
22164
22167
22171
22174
22177
22180
22183
22187
22192
22195
22199
22203
22207
22211
22215
22219
22233
22233
22233
22234
22237
22241
22244
22247
22251
22254
22257
22260
22263
22267
22270
22273
22285
22285
22286
22286
22288
22299
22299
22300
22300
22309
22310
22310
22312
22315
22319
22322
22325
22328
22331
22331
22334
22337
22349
22350
22355
22355
22358
22359
22359
22361
22362
22365
22368
22371
22371
22374
22377
22377
22380
22383
22397
22397
22397
22400
22400
22401
22403
22403
22407
22410
22413
22416
22419
22422
22425
22429
22432
22445
22445
22445
22448
22448
22463
22466
22469
22469
22470
22472
22475
22478
22482
22485
22489
22492
22495
22498
22501
22504
22507
22510
22514
22517
22520
22523
22523
22527
22530
22535
22539
22543
22547
22550
22553
22556
22559
22563
22566
22569
22572
22575
22575
22578
22581
22581
22585
22588
22591
22591
22605
22608
22608
22609
22611
22615
22618
22621
22624
22627
22627
22630
22633
22636
22639
22643
22646
22646
22659
22662
22662
22663
22663
22665
22679
22679
22680
22680
22683
22686
22689
22692
22695
22695
22711
22711
22712
22717
22717
22718
22718
22731
22734
22734
22735
22735
22737
22740
22743
22746
22750
22763
22766
22767
22767
22767
22770
22773
22773
22777
22780
22783
22786
22790
22793
22796
22799
22802
22806
22809
22812
22815
22819
22822
22825
22828
22831
22834
22837
22837
22840
22843
22846
22850
22861
22864
22864
22867
22870
22871
22873
22887
22890
22894
22894
22894
22897
22900
22903
22906
22910
22913
22916
22919
22931
22931
22932
22932
22932
22935
22941
22953
22956
22957
22957
22957
22965
22968
22971
22975
22975
22978
22981
22985
22988
22988
23001
23001
23005
23008
23008
23009
23012
23015
23019
23022
23025
23028
23031
23035
23035
23038
23038
23051
23054
23057
23058
23058
23061
23061
23065
23068
23071
23074
23078
23089
23092
23092
23093
23093
23095
23099
23102
23105
23108
23112
23112
23115
23129
23132
23136
23136
23136
23139
23142
23146
23149
23152
23152
23155
23158
23161
23161
23165
23169
23172
23175
23178
23182
23185
23188
23192
23195
23195
23199
23213
23213
23217
23220
23223
23224
23227
23230
23233
23237
23240
23243
23246
23250
23263
23266
23269
23270
23270
23270
23273
23277
23280
23283
23286
23290
23293
23296
23299
23313
23313
23313
23314
23316
23320
23323
23323
23327
23341
23342
23345
23349
23349
23349
23349
23353
23357
23360
23363
23363
23367
23370
23373
23373
23377
23380
23380
23383
23384
23388
23399
23402
23405
23406
23406
23406
23409
23412
23423
23426
23429
23429
23430
23430
23432
23435
23439
23442
23445
23449
23451
23454
23457
23460
23463
23467
23470
23473
23476
23479
23482
23482
23485
23485
23488
23491
23494
23498
23501
23504
23507
23510
23513
23516
23519
23522
23525
23526
23539
23539
23540
23540
23542
23547
23550
23553
23553
23556
23559
23560
23573
23577
23580
23580
23580
23583
23586
23599
23603
23603
23603
23603
23606
23609
23612
23615
23615
23618
23631
23631
23632
23632
23634
23637
23637
23640
23644
23647
23650
23650
23653
23653
23656
23659
23671
23672
23672
23674
23674
23679
23680
23683
23686
23690
23693
23693
23696
23699
23699
23702
23702
23705
23717
23720
23720
23721
23721
23721
23723
23723
23726
23726
23739
23740
23740
23740
23747
23747
23748
23748
23751
23755
23758
23761
23761
23764
23777
23777
23778
23778
23787
23787
23788
23790
23793
23797
23800
23803
23806
23809
23812
23815
23815
23819
23833
23836
23836
23837
23837
23839
23842
23845
23848
23852
23855
23858
23873
23873
23874
23874
23877
23881
23885
23891
23905
23905
23906
23906
23923
23923
23923
23924
23927
23930
23933
23936
23939
23943
23946
23949
23953
23956
23959
23963
23967
23971
23974
23977
23981
23984
23987
23991
23995
23998
24013
24014
24014
24014
24016
24020
24023
24026
24029
24029
24045
24045
24046
24046
24051
24055
24058
24063
24067
24071
24075
24079
24083
24086
24089
24101
24101
24102
24104
24109
24113
24117
24123
24126
24129
24133
24137
24140
24143
24147
24151
24155
24159
24163
24167
24170
24173
24177
24192
24192
24192
24192
24194
24197
24201
24209
24212
24215
24219
24223
24227
24233
24237
24241
24244
24257
24261
24261
24262
24265
24269
24273
24277
24280
24283
24287
24291
24294
24299
24301
24317
24318
24318
24320
24331
24332
24335
24338
24343
24347
24351
24355
24358
24361
24365
24369
24372
24375
24378
24381
24385
24388
24391
24394
24409
24414
24414
24415
24415
24417
24421
24425
24428
24431
24434
24437
24441
24444
24447
24451
24454
24459
24462
24465
24469
24472
24475
24479
24483
24487
24490
24493
24496
24500
24503
24503
24506
24509
24513
24516
24519
24522
24525
24526
24539
24542
24546
24546
24549
24552
24555
24558
24562
24565
24568
24571
24574
24578
24581
24584
24587
24591
24594
24597
24600
24603
24609
24613
24617
24621
24625
24629
24632
24636
24639
24642
24645
24659
24659
24662
24662
24665
24668
24672
24675
24679
24683
24687
24691
24695
24699
24702
24705
24709
24712
24715
24719
24723
24726
24729
24733
24737
24740
24743
24759
24762
24765
24766
24766
24771
24775
24779
24783
24787
24791
24795
24799
24803
24807
24811
24815
24819
24823
24826
24829
24833
24837
24841
24845
24849
24863
24863
24863
24867
24871
24875
24878
24893
24893
24893
24894
24896
24899
24899
24913
24913
24917
24920
24923
24923
24927
24930
24933
24937
24940
24953
24956
24959
24960
24962
24965
24969
24972
24975
24978
24978
24981
24993
24993
24994
24994
24994
24996
24999
25002
25005
25009
25012
25015
25015
25018
25021
25024
25027
25030
25043
25043
25044
25049
25049
25050
25050
25052
25052
25055
25059
25062
25073
25076
25079
25079
25083
25083
25087
25091
25105
25108
25111
25111
25112
25114
25117
25120
25135
25135
25135
25139
25143
25147
25151
25155
25158
25161
25161
25165
25168
25171
25185
25188
25191
25191
25194
25197
25201
25205
25207
25211
25214
25217
25220
25223
25226
25229
25233
25236
25239
25242
25242
25255
25255
25256
25256
25258
25261
25273
25273
25274
25274
25276
25279
25282
25285
25286
25289
25292
25295
25307
25307
25310
25313
25314
25314
25314
25327
25327
25333
25333
25336
25339
25343
25347
25351
25355
25358
25361
25361
25365
25369
25372
25375
25378
25381
25385
25399
25399
25400
25409
25409
25410
25413
25417
25421
25424
25427
25430
25434
25437
25441
25444
25455
25459
25462
25466
25466
25469
25474
25477
25480
25483
25486
25489
25492
25495
25498
25502
25502
25515
25516
25516
25516
25516
25519
25522
25525
25528
25531
25545
25548
25551
25552
25552
25552
25555
25558
25561
25561
25565
25568
25571
25574
25577
25591
25592
25592
25592
25595
25596
25597
25609
25612
25613
25613
25616
25619
25622
25625
25628
25631
25631
25635
25638
25642
25645
25648
25651
25663
25663
25664
25664
25666
25669
25672
25675
25679
25682
25685
25689
25701
25702
25702
25702
25704
25708
25710
25714
25718
25720
25735
25738
25739
25739
25739
25741
25745
25748
25751
25754
25757
25757
25760
25763
25770
25773
25777
25780
25783
25786
25789
25792
25796
25796
25801
25804
25807
25811
25814
25817
25820
25823
25826
25829
25833
25836
25837
25839
25844
25846
25860
25860
25860
25860
25863
25866
25866
25869
25883
25886
25886
25887
25889
25892
25895
25895
25899
25903
25906
25921
25921
25924
25924
25927
25930
25933
25936
25940
25943
25946
25949
25953
25956
25959
25962
25966
25969
25972
25977
25980
25983
25995
25996
25996
25996
25999
26003
26007
26010
26013
26017
26021
26024
26027
26030
26034
26037
26037
26054
26055
26055
26055
26057
26060
26063
26080
26080
26080
26085
26085
26086
26088
26091
26097
26101
26105
26109
26113
26117
26123
26127
26131
26135
26138
26141
26145
26162
26162
26162
26162
26165
26168
26181
26182
26184
26187
26190
26193
26197
26200
26203
26203
26208
26211
26214
26217
26221
26225
26241
26244
26244
26247
26250
26253
26259
26262
26265
26269
26272
26275
26279
26282
26285
26299
26300
26300
26302
26303
26313
26313
26319
26322
26326
26326
26329
26332
26335
26338
26341
26344
26347
26348
26350
26354
26354
26357
26360
26375
26375
26376
26381
26381
26384
26384
26387
26390
26403
26406
26406
26407
26407
26420
26420
26420
26421
26423
26427
26431
26434
26437
26443
26446
26449
26452
26455
26459
26462
26465
26469
26472
26475
26478
26482
26485
26488
26491
26495
26498
26501
26505
26509
26512
26515
26519
26531
26534
26537
26541
26545
26549
26552
26555
26559
26563
26566
26579
26579
26580
26580
26583
26587
26590
26593
26597
26601
26607
26611
26617
26621
26625
26629
26633
26637
26641
26645
26648
26651
26655
26658
26661
26665
26668
26671
26675
26678
26681
26685
26688
26703
26703
26704
26704
26707
26711
26715
26719
26729
26733
26737
26741
26745
26748
26751
26755
26759
26763
26767
26771
26775
26779
26783
26787
26791
26795
26801
26807
26811
26815
26819
26827
26831
26834
26837
26841
26845
26849
26855
26861
26864
26867
26870
26874
26877
26880
26883
26887
26890
26893
26896
26899
26903
26906
26919
26920
26920
26920
26923
26927
26930
26933
26937
26941
26943
26947
26951
26955
26959
26963
26967
26971
26987
26990
26990
26993
26997
27003
27006
27011
27014
27017
27033
27033
27033
27036
27036
27039
27043
27046
27049
27052
27065
27065
27066
27066
27069
27072
27075
27078
27081
27085
27088
27088
27091
27105
27109
27112
27115
27116
27129
27130
27130
27132
27136
27139
27142
27145
27148
27151
27154
27157
27161
27164
27167
27170
27173
27176
27179
27183
27189
27193
27197
27200
27203
27207
27211
27215
27218
27223
27227
27230
27233
27239
27243
27247
27250
27253
27257
27261
27265
27269
27273
27279
27283
27287
27292
27295
27299
27305
27309
27313
27317
27323
27326
27331
27334
27339
27343
27359
27363
27366
27366
27369
27373
27377
27381
27387
27390
27393
27399
27403
27411
27417
27421
27429
27435
27441
27445
27451
27455
27459
27463
27469
27472
27476
27479
27482
27485
27488
27491
27495
27497
27513
27516
27516
27519
27522
27525
27529
27533
27537
27540
27543
27547
27550
27553
27556
27570
27570
27570
27570
27573
27576
27579
27582
27586
27586
27589
27592
27605
27608
27611
27611
27612
27618
27631
27631
27632
27634
27637
27640
27643
27646
27650
27663
27663
27669
27669
27673
27683
27686
27689
27693
27697
27700
27703
27706
27709
27723
27723
27729
27733
27736
27751
27751
27752
27754
27757
27761
27763
27766
27770
27773
27773
27777
27791
27794
27797
27798
27799
27799
27801
27804
27807
27811
27814
27817
27821
27823
27827
27830
27833
27836
27839
27842
27845
27851
27859
27862
27875
27878
27879
27879
27879
27882
27885
27888
27888
27891
27895
27898
27898
27901
27901
27915
27916
27916
27916
27916
27930
27933
27934
27934
27934
27937
27941
27945
27948
27951
27952
27955
27958
27961
27965
27968
27969
27971
27971
27975
27978
27991
27991
27994
28007
28007
28007
28011
28025
28025
28029
28030
28030
28030
28033
28033
28036
28039
28042
28045
28046
28050
28053
28065
28068
28071
28071
28072
28074
28078
28091
28094
28094
28097
28101
28105
28109
28113
28117
28120
28135
28135
28136
28136
28138
28142
28145
28145
28151
28155
28169
28172
28173
28173
28177
28180
28183
28186
28201
28201
28201
28202
28204
28207
28210
28217
28221
28224
28227
28230
28233
28233
28237
28240
28243
28246
28249
28249
28252
28265
28265
28271
28271
28271
28274
28277
28280
28293
28297
28300
28300
28303
28306
28321
28325
28328
28329
28332
28335
28336
28354
28355
28359
28362
28365
28365
28368
28371
28375
28379
28382
28385
28399
28402
28402
28403
28405
28409
28412
28415
28419
28423
28426
28429
28432
28435
28449
28452
28455
28456
28456
28463
28477
28477
28478
28480
28483
28486
28490
28493
28496
28496
28499
28502
28506
28506
28508
28512
28515
28518
28518
28521
28521
28524
28539
28540
28540
28540
28542
28545
28546
28549
28552
28563
28566
28569
28569
28570
28570
28570
28573
28576
28579
28582
28582
28585
28588
28591
28591
28595
28598
28611
28611
28612
28612
28615
28619
28633
28636
28636
28636
28639
28642
28657
28657
28661
28665
28665
28665
28669
28685
28688
28691
28695
28699
28703
28707
28711
28715
28719
28722
28727
28731
28734
28737
28741
28744
28747
28747
28750
28753
28756
28759
28771
28775
28775
28776
28778
28781
28795
28798
28798
28799
28799
28801
28805
28809
28812
28815
28818
28821
28824
28827
28830
28834
28837
28840
28840
28855
28858
28858
28858
28861
28864
28867
28870
28874
28877
28880
28883
28886
28891
28894
28897
28900
28913
28917
28917
28920
28923
28924
28926
28940
28943
28955
28958
28958
28958
28961
28965
28971
28975
28979
28983
28989
28993
28997
29001
29007
29011
29017
29023
29027
29031
29035
29039
29043
29047
29051
29055
29061
29067
29070
29073
29077
29080
29083
29086
29089
29089
29095
29099
29102
29105
29109
29112
29127
29127
29128
29128
29128
29131
29135
29138
29141
29144
29159
29162
29165
29166
29166
29166
29167
29169
29172
29175
29187
29187
29191
29194
29197
29197
29197
29201
29204
29207
29210
29213
29227
29230
29230
29231
29233
29236
29241
29245
29249
29252
29255
29259
29273
29276
29279
29279
29280
29280
29282
29285
29288
29292
29294
29307
29307
29308
29308
29308
29317
29317
29317
29333
29336
29339
29339
29340
29343
29348
29352
29355
29358
29361
29361
29365
29369
29372
29375
29378
29381
29384
29387
29391
29394
29397
29400
29413
29417
29420
29424
29424
29424
29427
29431
29434
29437
29440
29443
29447
29450
29463
29466
29466
29467
29467
29467
29470
29473
29476
29479
29482
29495
29495
29496
29496
29496
29498
29502
29502
29505
29505
29508
29521
29524
29527
29527
29528
29531
29531
29547
29547
29547
29548
29550
29554
29554
29567
29567
29568
29570
29573
29577
29581
29584
29599
29602
29603
29609
29610
29610
29613
29613
29617
29620
29623
29626
29629
29633
29633
29636
29639
29642
29655
29658
29662
29662
29665
29668
29671
29675
29675
29679
29682
29685
29689
29692
29692
29695
29698
29701
29704
29719
29723
29723
29723
29723
29726
29729
29732
29735
29736
29739
29743
29746
29749
29752
29755
29767
29768
29769
29769
29769
29770
29773
29776
29783
29811
29814
29817
29829
29830
29835
29838
29838
29851
29855
29858
29861
29864
29867
29871
29875
29879
29885
29889
29892
29895
29898
29901
29905
29921
29924
29927
29930
29934
29934
29936
29941
29945
29949
29963
29966
29966
29969
29972
29975
29981
29985
29989
29995
29999
30005
30009
30012
30015
30019
30022
30027
30027
30029
30032
30048
30049
30049
30049
30050
30051
30054
30057
30065
30069
30073
30077
30080
30083
30087
30091
30094
30097
30100
30103
30103
30106
30119
30122
30125
30125
30129
30132
30135
30138
30141
30144
30148
30151
30151
30157
30160
30163
30167
30169
30170
30173
30177
30179
30182
30182
30185
30188
30191
30191
30194
30197
30200
30213
30216
30219
30222
30223
30225
30229
30233
30237
30240
30243
30247
30263
30266
30269
30272
30273
30273
30275
30279
30282
30285
30288
30301
30302
30302
30302
30304
30307
30322
30324
30324
30329
30330
30332
30336
30339
30343
30349
30353
30356
30359
30362
30362
30365
30365
30369
30373
30378
30378
30381
30385
30388
30391
30394
30397
30401
30404
30407
30410
30413
30417
30420
30423
30426
30429
30433
30447
30449
30449
30449
30452
30455
30455
30459
30462
30466
30466
30469
30472
30475
30476
30479
30482
30482
30485
30493
30496
30499
30502
30505
30509
30512
30515
30515
30519
30523
30527
30533
30537
30541
30544
30547
30551
30555
30558
30561
30575
30580
30581
30582
30583
30586
30591
30595
30599
30603
30607
30610
30613
30617
30621
30635
30635
30635
30638
30641
30644
30661
30661
30662
30664
30667
30673
30677
30681
30687
30691
30699
30703
30707
30710
30725
30729
30733
30737
30741
30745
30751
30757
30761
30765
30769
30781
30787
30791
30795
30801
30805
30811
30814
30817
30823
30829
30833
30837
30843
30847
30853
30859
30863
30867
30873
30879
30883
30891
30895
30899
30905
30909
30913
30917
30923
30927
30931
30935
30939
30943
30949
30953
30956
30959
30963
30967
30973
30977
30983
30989
30992
31005
31005
31008
31012
31015
31019
31023
31027
31031
31035
31039
31043
31047
31051
31054
31057
31057
31061
31065
31068
31083
31086
31089
31092
31096
31096
31099
31103
31109
31112
31115
31118
31121
31125
31129
31133
31137
31141
31145
31149
31153
31157
31161
31165
31168
31171
31175
31179
31195
31198
31202
31202
31211
31215
31219
31223
31229
31233
31237
31241
31245
31249
31253
31256
31259
31262
31262
31266
31279
31283
31286
31286
31287
31289
31292
31295
31296
31299
31302
31306
31309
31312
31316
31319
31319
31323
31326
31329
31332
31336
31336
31339
31342
31345
31348
31351
31352
31355
31358
31361
31361
31364
31368
31371
31383
31383
31386
31386
31400
31400
31400
31403
31406
31409
31413
31427
31430
31431
31431
31431
31435
31438
31441
31445
31449
31452
31455
31459
31463
31467
31470
31473
31477
31491
31492
31495
31498
31501
31505
31509
31523
31526
31526
31526
31529
31533
31539
31542
31545
31548
31551
31555
31559
31563
31577
31580
31580
31587
31590
31593
31596
31605
31611
31615
31619
31633
31637
31637
31640
31653
31653
31653
31656
31659
31663
31667
31671
31675
31689
31689
31690
31705
31708
31708
31711
31715
31719
31725
31729
31739
31743
31747
31753
31759
31763
31767
31773
31777
31783
31797
31797
31803
31807
31811
31815
31819
31825
31829
31833
31837
31841
31857
31860
31860
31863
31867
31877
31883
31886
31891
31894
31899
31903
31917
31917
31923
31923
31927
31931
31935
31939
31945
31951
31955
31959
31963
31967
31973
31977
31981
31989
31993
31999
32003
32009
32013
32019
32023
32027
32031
32035
32041
32055
32055
32056
32061
32064
32079
32083
32089
32093
32097
32101
32104
32107
32111
32114
32127
32127
32131
32134
32147
32150
32150
32151
32151
32159
32163
32167
32170
32173
32176
32193
32196
32199
32200
32203
32206
32209
32212
32215
32216
32218
32222
32225
32228
32245
32248
32251
32251
32254
32257
32261
32264
32267
32272
32275
32278
32281
32281
32284
32288
32301
32301
32301
32304
32304
32307
32319
32322
32325
32329
32332
32335
32341
32345
32348
32351
32355
32358
32361
32375
32375
32375
32376
32391
32395
32395
32395
32398
32401
32404
32407
32411
32414
32417
32417
32420
32423
32426
32429
32434
32434
32435
32437
32440
32443
32455
32458
32461
32461
32464
32467
32467
32471
32474
32477
32481
32487
32491
32494
32497
32501
32505
32509
32512
32515
32519
32522
32525
32528
32531
32545
32549
32550
32550
32552
32557
32563
32566
32571
32573
32577
32580
32583
32586
32589
32592
32595
32599
32603
32606
32609
32613
32617
32623
32627
32630
32633
32639
32653
32653
32654
32656
32659
32665
32669
32672
32675
32678
32681
32685
32689
32692
32695
32699
32703
32707
32721
32725
32725
32726
32726
32727
32730
32733
32734
32737
32740
32753
32757
32757
32757
32761
32764
32767
32771
32774
32777
32781
32784
32787
32787
32791
32794
32797
32800
32804
32815
32818
32818
32819
32822
32822
32825
32829
32832
32835
32839
32843
32848
32851
32854
32859
32863
32867
32870
32873
32873
32879
32883
32886
32889
32892
32895
32899
32902
32905
32909
32912
32915
32918
32931
32931
32931
32934
32934
32937
32942
32945
32948
32951
32965
32965
32968
32968
32971
32985
32989
32989
32994
32996
32999
33003
33019
33019
33020
33020
33022
33027
33030
33033
33037
33041
33044
33047
33051
33054
33060
33062
33065
33068
33072
33072
33072
33085
33086
33086
33086
33088
33091
33092
33095
33098
33098
33101
33104
33104
33107
33110
33114
33114
33116
33119
33120
33135
33138
33141
33142
33142
33143
33144
33147
33151
33154
33157
33160
33163
33166
33169
33170
33173
33176
33176
33179
33182
33182
33185
33185
33199
33202
33205
33206
33209
33209
33212
33212
33215
33218
33221
33224
33227
33230
33233
33238
33238
33241
33244
33255
33256
33256
33257
33257
33258
33271
33274
33274
33275
33275
33287
33287
33290
33291
33291
33291
33293
33296
33299
33303
33315
33318
33318
33319
33325
33325
33328
33331
33335
33339
33342
33345
33348
33351
33351
33354
33357
33358
33360
33364
33364
33367
33370
33373
33373
33376
33379
33379
33383
33386
33389
33401
33404
33407
33407
33411
33415
33418
33421
33425
33439
33442
33443
33443
33443
33443
33445
33449
33461
33464
33467
33467
33468
33468
33468
33471
33474
33477
33480
33483
33486
33490
33490
33503
33506
33509
33509
33510
33510
33512
33516
33518
33522
33525
33543
33546
33549
33552
33552
33557
33563
33567
33571
33577
33581
33584
33587
33590
33593
33609
33612
33613
33613
33619
33622
33625
33629
33635
33638
33641
33645
33663
33666
33666
33669
33673
33677
33683
33687
33691
33697
33711
33711
33711
33715
33719
33735
33738
33741
33744
33749
33753
33759
33767
33785
33788
33791
33791
33794
33799
33805
33811
33815
33819
33823
33827
33843
33843
33843
33846
33850
33853
33857
33861
33865
33881
33881
33881
33884
33888
33891
33895
33899
33903
33907
33910
33913
33916
33920
33923
33926
33929
33932
33945
33948
33949
33949
33949
33952
33955
33961
33965
33969
33974
33978
33981
33984
33987
33990
33993
33997
34001
34005
34009
34013
34016
34019
34033
34033
34033
34055
34055
34055
34071
34075
34079
34083
34087
34091
34094
34097
34101
34104
34107
34111
34115
34131
34135
34138
34141
34144
34149
34153
34156
34159
34162
34169
34173
34191
34194
34197
34197
34200
34204
34209
34213
34217
34221
34225
34229
34232
34235
34239
34243
34247
34250
34253
34259
34262
34265
34271
34275
34291
34291
34292
34295
34299
34303
34307
34311
34315
34319
34323
34327
34331
34334
34337
34340
34343
34359
34362
34366
34366
34369
34373
34379
34383
34389
34392
34395
34399
34402
34405
34408
34412
34412
34415
34419
34425
34426
34426
34428
34441
34445
34448
34448
34451
34454
34457
34461
34464
34467
34470
34473
34476
34480
34483
34486
34486
34489
34492
34495
34495
34498
34511
34515
34518
34518
34518
34519
34521
34521
34525
34531
34534
34537
34541
34544
34547
34561
34561
34562
34562
34564
34567
34571
34585
34585
34589
34592
34592
34592
34595
34599
34603
34607
34613
34617
34633
34633
34637
34637
34641
34645
34648
34651
34657
34671
34671
34671
34672
34685
34685
34686
34695
34699
34703
34707
34711
34715
34719
34723
34727
34731
34735
34739
34743
34747
34750
34755
34759
34763
34767
34771
34775
34778
34781
34784
34789
34792
34795
34799
34802
34811
34817
34821
34827
34831
34835
34843
34846
34849
34852
34857
34861
34864
34867
34870
34873
34877
34880
34883
34886
34891
34897
34900
34903
34907
34911
34927
34931
34931
34937
34943
34949
34955
34961
34971
34975
34983
34989
34995
34999
35005
35013
35021
35029
35039
35045
35049
35055
35065
35071
35077
35085
35089
35105
35109
35109
35112
35116
35131
35131
35131
35135
35139
35143
35147
35150
35153
35158
35165
35169
35172
35175
35189
35190
35190
35193
35196
35199
35202
35205
35208
35211
35214
35217
35221
35223
35239
35242
35246
35246
35249
35253
35257
35260
35263
35266
35269
35272
35275
35287
35290
35293
35294
35297
35300
35315
35319
35326
35331
35335
35339
35342
35345
35345
35349
35363
35366
35366
35371
35385
35385
35385
35389
35393
35407
35411
35414
35417
35420
35423
35426
35429
35443
35443
35444
35444
35449
35457
35461
35471
35475
35479
35482
35497
35497
35500
35500
35502
35503
35506
35510
35523
35523
35526
35541
35541
35541
35544
35549
35557
35560
35573
35573
35573
35583
35583
35591
35591
35591
35594
35597
35605
35609
35613
35625
35625
35626
35628
35631
35634
35637
35641
35643
35657
35660
35660
35663
35668
35670
35673
35677
35680
35685
35691
35697
35717
35720
35721
35723
35727
35727
35731
35735
35738
35743
35747
35750
35753
35765
35765
35779
35782
35785
35789
35792
35795
35798
35815
35815
35816
35818
35827
35831
35853
35856
35859
35860
35869
35875
35883
35887
35891
35895
35909
35910
35912
35917
35921
35925
35928
35932
35935
35939
35943
35947
35949
35953
35956
35959
35962
35962
35965
35965
35969
35972
35975
35987
35990
35993
35993
35994
35996
35999
36000
36002
36009
36029
36029
36030
36030
36035
36038
36041
36044
36047
36048
36050
36063
36063
36063
36069
36072
36075
36076
36079
36093
36093
36099
36103
36107
36111
36114
36117
36120
36124
36129
36129
36132
36132
36137
36151
36154
36155
36158
36158
36161
36165
36169
36172
36185
36188
36191
36191
36192
36195
36199
36202
36211
36214
36217
36220
36223
36226
36229
36233
36235
36239
36242
36242
36255
36256
36256
36256
36258
36262
36262
36265
36268
36268
36271
36271
36274
36277
36281
36284
36287
36290
36293
36296
36299
36302
36306
36309
36312
36325
36325
36332
36334
36337
36340
36340
36343
36344
36346
36359
36362
36363
36363
36363
36369
36370
36379
36380
36380
36380
36383
36387
36401
36402
36402
36402
36402
36404
36410
36413
36416
36419
36422
36425
36428
36431
36434
36437
36449
36449
36455
36455
36456
36458
36461
36465
36469
36473
36481
36484
36487
36499
36499
36500
36509
36509
36510
36510
36512
36527
36530
36533
36533
36538
36541
36541
36547
36550
36553
36556
36569
36572
36575
36576
36576
36579
36593
36593
36594
36594
36597
36601
36604
36617
36620
36623
36624
36624
36624
36627
36630
36633
36637
36640
36643
36647
36650
36653
36656
36659
36660
36662
36665
36666
36669
36672
36683
36683
36684
36686
36689
36701
36701
36702
36704
36711
36715
36715
36718
36721
36724
36727
36743
36744
36749
36752
36752
36753
36755
36761
36764
36767
36770
36773
36776
36791
36791
36791
36794
36809
36809
36810
36810
36813
36816
36819
36823
36826
36829
36829
36832
36836
36836
36839
36842
36855
36855
36855
36859
36859
36860
36860
36869
36869
36870
36872
36887
36890
36890
36891
36891
36893
36896
36899
36900
36902
36905
36919
36922
36925
36926
36928
36932
36932
36935
36951
36952
36952
36952
36957
36957
36958
36960
36967
36971
36974
36974
36974
36987
36987
36987
36988
36990
36993
36997
37000
37003
37006
37019
37020
37020
37029
37029
37032
37035
37038
37053
37053
37054
37057
37060
37063
37077
37077
37081
37097
37100
37100
37103
37107
37111
37115
37121
37125
37131
37135
37151
37151
37152
37157
37157
37160
37165
37169
37173
37179
37182
37185
37189
37192
37195
37196
37198
37202
37215
37218
37221
37221
37222
37222
37225
37225
37228
37231
37231
37245
37245
37246
37246
37248
37251
37255
37259
37263
37279
37282
37283
37285
37289
37295
37299
37303
37306
37309
37313
37327
37330
37330
37330
37331
37337
37341
37345
37349
37353
37357
37361
37365
37371
37391
37401
37405
37409
37413
37419
37422
37425
37429
37433
37437
37441
37445
37451
37465
37473
37485
37488
37491
37495
37498
37507
37511
37515
37519
37523
37526
37529
37533
37539
37543
37551
37555
37559
37563
37567
37571
37574
37577
37581
37585
37589
37593
37597
37600
37615
37615
37616
37616
37616
37619
37622
37625
37630
37630
37633
37647
37650
37650
37651
37651
37653
37654
37657
37660
37663
37666
37669
37673
37676
37679
37682
37685
37686
37689
37692
37705
37708
37711
37712
37715
37715
37718
37721
37725
37729
37732
37737
37741
37745
37748
37751
37755
37759
37760
37763
37766
37769
37783
37786
37789
37789
37790
37793
37796
37799
37802
37805
37809
37812
37815
37818
37821
37824
37827
37830
37833
37834
37836
37840
37840
37843
37846
37849
37852
37863
37866
37867
37867
37867
37867
37869
37872
37877
37887
37890
37890
37893
37894
37894
37897
37900
37903
37906
37909
37913
37916
37919
37922
37925
37929
37943
37944
37944
37953
37959
37960
37962
37977
37978
37978
37981
37989
37993
37997
38001
38005
38008
38011
38015
38021
38025
38030
38034
38045
38045
38048
38051
38055
38069
38069
38070
38085
38085
38085
38093
38099
38119
38122
38123
38123
38125
38129
38133
38136
38149
38150
38152
38156
38159
38163
38167
38170
38173
38176
38179
38183
38187
38190
38193
38196
38199
38199
38213
38213
38214
38223
38227
38230
38233
38237
38237
38241
38245
38248
38251
38257
38261
38265
38271
38275
38291
38291
38295
38301
38305
38309
38313
38317
38320
38323
38326
38329
38332
38335
38336
38339
38342
38345
38357
38360
38360
38361
38361
38363
38366
38369
38373
38377
38381
38384
38388
38390
38393
38396
38400
38403
38406
38409
38412
38412
38415
38418
38421
38424
38427
38428
38431
38439
38442
38445
38448
38451
38454
38457
38469
38469
38470
38470
38473
38477
38481
38495
38499
38499
38505
38505
38508
38511
38514
38527
38530
38533
38534
38534
38537
38540
38543
38546
38549
38553
38556
38559
38562
38565
38569
38583
41645
41708
41730
41863
41908
41914
41927
41936
41959
41967
42063
42070
42079
42083
42089
42123
42130
42186
42189
42231
42235
42317
42318
42318
42330
42333
42339
42343
42355
42358
42361
42387
42423
42424
42424
42427
42447
42450
42455
42457
42457
42458
42461
42465
42469
42483
42486
42503
42509
42512
42514
42527
42528
42530
42534
42537
42582
42634
42637
42637
42640
42643
42649
42652
42656
42656
42659
42663
42666
42681
42700
42723
42746
42749
42765
42777
42778
42780
42781
42783
42787
42796
42799
42805
42806
42815
42815
42821
42822
42825
42842
42846
42849
42858
42861
42865
42869
42873
42876
42883
42889
42889
42895
42896
42899
42902
42906
42910
42913
42916
42924
42927
42933
42936
42940
42943
42947
42951
42955
42959
42963
42969
42973
42977
43000
43002
43023
43033
43037
43041
43045
43049
43053
43057
43061
43065
43069
43073
43083
43151
43155
43159
43163
43167
43184
43243
43260
43263
43268
43272
43275
43279
43283
43297
43298
43315
43319
43323
43330
43333
43340
43343
43349
43380
43383
43387
43401
43407
43408
43408
43411
43425
43486
43498
43500
43503
43506
43516
43526
43532
43532
43535
43547
43550
43553
43556
43559
43560
43566
43568
43583
43586
43589
43592
43593
43595
43599
43602
43605
43608
43611
43630
43633
43636
43651
43652
43652
43654
43657
43661
43684
43711
43728
43731
43732
43732
43733
43734
43737
43740
43743
43743
43746
43783
43784
43784
43787
43787
43789
43793
43796
43799
43803
43806
43810
43810
43813
43816
43828
43828
43829
43830
43835
43839
43840
43842
43852
43856
43859
43863
43866
43895
43895
43898
43924
43925
43931
43934
43938
43941
43945
43948
43959
43967
43967
43971
43974
43978
43981
43984
44007
44011
44019
44023
44026
44084
44087
44094
44095
44097
44101
44107
44111
44115
44119
44122
44125
44129
44132
44135
44135
44139
44142
44145
44146
44152
44152
44155
44169
44170
44185
44197
44201
44210
44213
44214
44227
44227
44228
44235
44239
44242
44246
44251
44257
44261
44264
44267
44271
44278
44283
44284
44291
44295
44299
44302
44302
44309
44311
44343
44347
44347
44349
44352
44352
44355
44355
44359
44365
44366
44369
44372
44372
44375
44378
44381
44384
44387
44391
44394
44395
44401
44401
44403
44404
44406
44410
44410
44413
44416
44416
44433
44433
44437
44439
44442
44442
44457
44461
44461
44461
44462
44462
44463
44464
44469
44470
44473
44476
44476
44479
44482
44487
44487
44488
44492
44495
44498
44502
44504
44507
44508
44510
44514
44517
44520
44523
44523
44527
44530
44533
44546
44546
44547
44548
44548
44549
44554
44555
44557
44558
44562
44562
44565
44565
44581
44581
44582
44592
44592
44592
44596
44597
44643
44643
44646
44649
44653
44657
44661
44667
44670
44673
44676
44681
44684
44687
44691
44695
44699
44703
44707
44713
44716
44719
44722
44725
44729
44741
44741
44742
44744
44747
44748
44751
44754
44758
44760
44763
44766
44770
44773
44776
44782
44782
44785
44785
44790
44796
44796
44802
44802
44805
44805
44810
44813
44816
44821
44824
44831
44834
44849
44853
44853
44857
44860
44867
44880
44883
44926
44929
44932
44935
44936
44950
44950
44950
44953
44956
44960
44963
44966
44969
44991
44994
44995
45001
45023
45023
45027
45030
45033
45039
45059
45073
45079
45102
45106
45106
45119
45120
45142
45146
45146
45147
45149
45152
45156
45159
45162
45162
45165
45165
45169
45172
45175
45182
45182
45185
45186
45189
45192
45192
45195
45196
45199
45202
45202
45206
45206
45209
45212
45223
45226
45230
45231
45233
45234
45234
45237
45237
45243
45244
45247
45250
45253
45254
45257
45260
45271
45271
45272
45272
45273
45275
45278
45282
45293
45296
45300
45301
45305
45305
45308
45308
45311
45314
45327
45328
45334
45334
45334
45335
45337
45341
45341
45344
45347
45351
45351
45355
45356
45359
45362
45416
45416
45419
45422
45426
45426
45429
45433
45436
45439
45442
45455
45458
45462
45462
45462
45465
45470
45473
45474
45480
45493
45494
45497
45504
45510
45526
45535
45539
45544
45548
45564
45583
45597
45603
45609
45619
45633
45633
45649
45662
45665
45679
45686
45690
45699
45709
45719
45729
45743
45756
45760
45765
45769
45769
45775
45779
45811
45831
45841
45859
45863
45867
45885
45893
45899
45906
45926
45998
46014
46046
46051
46055
46077
46078
46093
46126
46136
46146
46163
46163
46184
46196
46196
46196
46197
46197
46200
46203
46206
46210
46216
46226
46229
46233
46233
46236
46242
46242
46245
46250
46263
46267
46267
46267
46270
46270
46273
46280
46280
46283
46286
46290
46293
46293
46303
46309
46310
46323
46325
46329
46343
46347
46350
46357
46360
46364
46364
46367
46370
46374
46391
46405
46413
46416
46424
46427
46434
46437
46440
46447
46451
46455
46458
46467
46480
46480
46483
46486
46490
46490
46493
46493
46497
46501
46504
46507
46511
46514
46529
46533
46536
46536
46569
46573
46675
46677
46737
46757
46763
46769
46772
46777
46781
46820
46823
46823
46837
46843
46846
46849
46852
46855
46861
46864
46880
46883
46886
46886
46891
46894
46901
46926
46931
46934
46938
46941
46941
46945
46948
46951
46951
46965
46968
46971
46972
46972
47019
47019
47020
47022
47023
47026
47039
47042
47046
47046
47053
47059
47065
47083
47110
47113
47114
47152
47171
47190
47215
47222
47222
47293
47296
47300
47300
47303
47313
47320
47323
47323
47326
47330
47330
47333
47336
47346
47349
47353
47355
47362
47375
47379
47379
47380
47382
47387
47393
47394
47397
47400
47415
47419
47419
47420
47421
47425
47429
47441
47444
47464
47467
47470
47473
47474
47503
47519
47523
47523
47523
47524
47526
47532
47532
47555
47559
47563
47566
47570
47573
47576
47579
47582
47585
47585
47588
47591
47594
47597
47598
47600
47615
47631
47631
47645
47649
47649
47649
47651
47655
47658
47661
47665
47666
47681
47685
47685
47685
47687
47690
47694
47699
47702
47705
47706
47713
47716
47722
47722
47735
47738
47742
47742
47743
47743
47745
47749
47752
47761
47764
47775
47778
47781
47842
47842
47845
47849
47852
47856
47859
47862
47865
47865
47869
47873
47876
47879
47885
47885
47888
47892
47905
47908
47909
47909
47912
47917
47918
47921
47925
47929
47932
47937
47951
47954
47957
47958
47958
47960
47964
47964
47967
47970
47973
47973
47979
47985
47986
47989
47992
48005
48008
48011
48014
48018
48018
48021
48024
48027
48030
48033
48036
48039
48046
48074
48077
48080
48083
48086
48101
48104
48105
48105
48109
48114
48116
48119
48122
48140
48144
48147
48150
48153
48156
48159
48162
48165
48168
48172
48174
48178
48178
48181
48184
48187
48188
48190
48193
48197
48200
48200
48203
48206
48209
48212
48241
48246
48246
48289
48292
48296
48299
48302
48305
48312
48312
48327
48330
48330
48333
48345
48349
48352
48355
48358
48362
48367
48368
48381
48384
48387
48388
48388
48393
48397
48401
48407
48408
48411
48414
48417
48421
48425
48429
48433
48437
48440
48443
48446
48449
48456
48456
48459
48462
48465
48469
48472
48472
48475
48476
48481
48485
48488
48491
48511
48513
48520
48551
48554
48554
48557
48560
48563
48564
48566
48570
48573
48576
48576
48579
48582
48585
48588
48594
48599
48602
48604
48608
48613
48617
48623
48627
48630
48634
48649
48650
48650
48651
48653
48657
48663
48667
48673
48690
48714
48715
48727
48730
48734
48737
48740
48744
48744
48774
48799
48819
48823
48823
48823
48824
48827
48830
48833
48837
48840
48843
48846
48850
48850
48853
48854
48857
48860
48864
48864
48867
48870
48873
48885
48885
48898
48914
48914
48916
48917
48930
48933
48936
48943
48958
48972
48972
48975
49008
49008
49009
49011
49012
49025
49026
49026
49027
49035
49039
49040
49040
49044
49055
49056
49056
49056
49057
49062
49062
49066
49069
49072
49076
49079
49082
49085
49092
49092
49095
49098
49102
49114
49115
49116
49116
49121
49121
49125
49129
49136
49136
49149
49150
49150
49151
49151
49153
49155
49161
49173
49205
49208
49211
49211
49214
49217
49218
49231
49236
49236
49236
49237
49237
49238
49240
49253
49254
49254
49263
49264
49264
49269
49269
49276
49279
49282
49285
49286
49291
49291
49294
49297
49302
49302
49305
49318
49318
49323
49326
49327
49327
49329
49344
49344
49344
49345
49347
49350
49353
49356
49370
49370
49375
49378
49381
49382
49382
49387
49388
49394
49394
49397
49448
49452
49452
49452
49455
49455
49459
49462
49465
49477
49478
49478
49479
49487
49488
49490
49493
49494
49497
49500
49503
49506
49509
49512
49516
49519
49522
49535
49536
49536
49543
49546
49547
49550
49553
49553
49559
49563
49567
49571
49578
49581
49585
49588
49591
49594
49598
49601
49604
49607
49611
49615
49621
49621
49625
49628
49631
49634
49638
49641
49641
49645
49649
49653
49659
49659
49663
49666
49669
49672
49676
49676
49679
49682
49686
49686
49691
49694
49694
49700
49700
49703
49703
49706
49709
49710
49712
49716
49719
49722
49722
49725
49728
49731
49732
49734
49738
49738
49741
49744
49747
49748
49753
49756
49818
49818
49822
49828
49840
49850
49856
49856
49859
49862
49868
49871
49875
49882
49892
49901
49914
49914
49917
49917
49923
49929
49947
49948
49990
49993
50001
50003
50004
50011
50013
50017
50020
50023
50024
50082
50083
50084
50087
50092
50095
50095
50096
50112
50118
50122
50128
50128
50131
50134
50137
50137
50140
50146
50151
50153
50165
50165
50187
50187
50200
50249
50250
50250
50259
50262
50265
50269
50272
50275
50278
50282
50284
50287
50290
50294
50306
50306
50307
50307
50310
50313
50316
50316
50319
50322
50322
50325
50340
50340
50341
50342
50343
50346
50349
50352
50363
50366
50366
50369
50372
50373
50375
50376
50379
50383
50387
50390
50393
50394
50397
50401
50415
50418
50419
50419
50423
50426
50427
50427
50429
50432
50443
50447
50450
50459
50460
50463
50466
50469
50472
50487
50494
50516
50519
50522
50529
50532
50539
50543
50547
50553
50553
50557
50564
50567
50584
50587
50591
50594
50597
50607
50611
50614
50617
50620
50621
50624
50627
50628
50631
50631
50645
50648
50652
50652
50655
50655
50656
50677
50680
50683
50687
50690
50693
50697
50701
50705
50708
50711
50712
50715
50715
50719
50731
50732
50732
50733
50733
50734
50737
50741
50744
50747
50747
50751
50754
50757
50760
50763
50764
50766
50770
50773
50776
50776
50779
50782
50785
50788
50791
50792
50794
50798
50800
50804
50804
50807
50808
50811
50814
50817
50831
50834
50834
50835
50835
50837
50838
50851
50852
50852
50853
50861
50861
50862
50864
50867
50871
50877
50881
50885
50891
50891
50895
50899
50902
50906
50919
50923
50923
50924
50933
50941
50945
50951
50952
50969
50972
50972
50973
50985
50989
50991
51010
51013
51037
51038
51043
51055
51058
51061
51074
51091
51094
51095
51095
51099
51105
51120
51123
51192
51195
51198
51201
51202
51205
51208
51208
51211
51214
51217
51220
51223
51224
51226
51239
51242
51247
51248
51249
51250
51253
51256
51262
51266
51269
51272
51273
51276
51276
51279
51282
51286
51289
51292
51296
51296
51316
51316
51317
51319
51341
51342
51351
51366
51379
51393
51400
51406
51409
51412
51418
51424
51427
51470
51489
51494
51501
51504
51507
51520
51523
51537
51538
51553
51557
51560
51588
51595
51596
51613
51629
51648
51655
51675
51723
51726
51727
51732
51736
51736
51760
51785
51786
51803
51806
51807
51807
51812
51815
51821
51822
51825
51828
51839
51842
51849
51852
51852
51855
51855
51875
51944
51947
51950
51951
51953
51954
51957
51960
51961
51963
51966
51977
51978
51978
51979
51980
51981
51984
51984
51987
51990
51990
51993
51993
51996
51999
52003
52006
52009
52012
52012
52015
52018
52022
52022
52025
52028
52031
52034
52034
52047
52050
52054
52054
52054
52055
52057
52060
52060
52063
52066
52066
52069
52072
52083
52087
52087
52088
52088
52089
52090
52093
52096
52099
52102
52103
52105
52108
52112
52112
52115
52118
52118
52121
52124
52124
52127
52130
52364
52367
52371
52374
52377
52381
52387
52387
52393
52429
52435
52444
52447
52450
52453
52457
52473
52474
52476
52479
52482
52486
52486
52491
52492
52495
52495
52498
52501
52504
52508
52509
52511
52514
52520
52523
52524
52526
52530
52530
52536
52536
52558
52558
52560
52560
52561
52564
52564
52570
52570
52573
52573
52574
52609
52612
52615
52618
52639
52639
52660
52660
52666
52669
52672
52675
52678
52691
52692
52697
52701
52701
52707
52711
52721
52725
52729
52733
52736
52739
52742
52746
52749
52752
52755
52755
52761
52761
52767
52767
52770
52774
52777
52780
52786
52789
52792
52795
52801
52805
52856
52920
52923
52929
52932
52935
52938
52942
52945
52949
52952
52955
52958
52961
52964
52967
52970
52973
52977
52980
52993
52996
53001
53027
53031
53034
53034
53053
53053
53080
53080
53083
53084
53087
53093
53093
53097
53100
53103
53106
53110
53110
53179
53195
53211
53227
53243
53246
53255
53261
53261
53270
53274
53305
53314
53334
53383
53389
53396
53396
53399
53402
53405
53406
53408
53411
53412
53427
53428
53428
53429
53431
53434
53437
53443
53443
53447
53451
53454
53457
53469
53473
53473
53477
53478
53491
53494
53494
53497
53500
53503
53512
53513
53517
53522
53537
53537
53541
53542
53544
53552
53556
53559
53600
53603
53608
53620
53623
53623
53624
53630
53633
53636
53639
53642
53645
53649
53652
53655
53655
53659
53662
53666
53669
53672
53676
53678
53681
53684
53687
53700
53700
53700
53702
53708
53712
53722
53733
53737
53737
53740
53743
53746
53749
53753
53760
53762
53773
53779
53782
53785
53788
53791
53807
53810
53811
53812
53812
53813
53817
53831
53834
53837
53838
53840
53844
53857
53860
53860
53861
53863
53879
53883
53883
53886
53889
53893
53897
53901
53905
53908
53911
53914
53931
53931
53934
53956
53959
53978
53982
53985
54028
54043
54046
54047
54047
54051
54054
54057
54061
54061
54065
54069
54075
54078
54081
54095
54098
54102
54102
54102
54105
54120
54121
54123
54126
54129
54132
54135
54138
54141
54142
54147
54148
54151
54154
54167
54171
54171
54172
54172
54172
54173
54176
54180
54183
54183
54186
54192
54195
54196
54211
54212
54277
54280
54283
54324
54339
54343
54361
54362
54370
54380
54383
54386
54399
54403
54406
54409
54418
54422
54425
54428
54459
54465
54465
54469
54472
54475
54478
54488
54491
54498
54505
54521
54524
54524
54525
54525
54526
54527
54530
54534
54537
54540
54543
54543
54546
54549
54552
54556
54559
54562
54565
54565
54572
54581
54597
54597
54607
54610
54627
54629
54632
54636
54636
54639
54655
54658
54659
54659
54659
54661
54667
54668
54675
54677
54680
54693
54700
54703
54707
54714
54717
54720
54723
54723
54727
54733
54733
54736
54739
54742
54746
54747
54759
54760
54760
54761
54762
54766
54766
54769
54772
54775
54776
54782
54782
54785
54788
54791
54792
54805
54807
54807
54808
54809
54821
54821
54822
54824
54827
54830
54834
54834
54837
54840
54843
54846
54849
54852
54855
54856
54861
54863
54865
54868
54881
54884
54885
54885
54885
54887
54888
54890
54894
54897
54900
54903
54903
54906
54919
54922
54926
54927
54928
54928
54941
54945
54948
54948
54953
54954
54959
54965
54969
54973
54989
54993
55012
55016
55019
55022
55022
55025
55028
55031
55031
55062
55065
55065
55068
55072
55085
55085
55088
55089
55089
55095
55100
55100
55100
55102
55106
55106
55109
55113
55116
55116
55119
55122
55122
55125
55140
55141
55141
55142
55143
55146
55149
55152
55155
55161
55162
55165
55168
55172
55172
55177
55178
55181
55184
55187
55190
55193
55193
55196
55199
55200
55205
55206
55219
55220
55220
55221
55221
55222
55226
55226
55229
55232
55232
55235
55235
55251
55254
55255
55255
55256
55261
55265
55265
55268
55269
55269
55270
55271
55274
55278
55278
55281
55284
55284
55287
55287
55290
55293
55294
55297
55311
55314
55315
55315
55317
55318
55318
55320
55324
55324
55327
55330
55333
55333
55347
55350
55350
55351
55359
55384
55385
55385
55404
55448
55449
55468
55471
55474
55477
55484
55487
55490
55500
55503
55522
55523
55529
55542
55548
55552
55555
55558
55561
55570
55573
55579
55583
55601
55601
55605
55606
55620
55641
55642
55642
55647
55647
55671
55674
55677
55681
55683
55684
55687
55693
55735
55742
55745
55782
55782
55784
55784
55785
55787
55811
55827
55827
55834
55835
55836
55839
55846
55852
55852
55861
55876
55888
55918
55923
55949
55974
55974
55998
56007
56011
56025
56025
56029
56030
56033
56036
56039
56043
56046
56049
56053
56056
56059
56063
56067
56071
56073
56076
56079
56082
56097
56103
56106
56127
56127
56128
56133
56136
56143
56146
56149
56155
56155
56158
56161
56165
56168
56171
56174
56174
56180
56183
56183
56189
56192
56207
56208
56208
56210
56211
56216
56220
56223
56298
56356
56359
56362
56365
56372
56372
56375
56381
56384
56387
56388
56390
56394
56397
56397
56400
56403
56406
56410
56421
56422
56422
56423
56423
56425
56429
56432
56432
56435
56438
56442
56442
56445
56461
56462
56462
56482
56485
56488
56491
56495
56498
56498
56501
56504
56507
56507
56510
56513
56514
56517
56530
56540
56540
56543
56546
56546
56560
56560
56561
56561
56563
56563
56578
56583
56587
56594
56596
56600
56600
56603
56615
56620
56622
56634
56637
56637
56643
56659
56662
56663
56665
56668
56668
56669
56674
56688
56697
56697
56698
56700
56713
56714
56714
56719
56722
56725
56726
56726
56743
56743
56744
56744
56746
56749
56752
56753
56755
56756
56759
56762
56766
56766
56769
56772
56783
56784
56784
56786
56787
56787
56788
56790
56790
56793
56793
56807
56807
56808
56808
56809
56809
56821
56822
56822
56823
56823
56824
56825
56828
56828
56831
56833
56834
56837
56846
56853
56856
56856
56859
56871
56872
56872
56874
56875
56875
56900
56900
56901
56903
56903
56906
56909
56909
56912
56915
56927
56931
56931
56934
56935
56935
56935
56939
56939
56940
56944
56947
56950
56953
56953
56956
56959
56963
56963
56966
56977
56978
56982
56982
56982
56986
56986
56987
56988
56988
56991
56994
56994
56998
56998
57000
57003
57004
57018
57021
57024
57025
57025
57025
57026
57028
57031
57031
57034
57038
57038
57041
57055
57055
57059
57062
57063
57063
57065
57066
57069
57072
57072
57075
57076
57078
57081
57082
57095
57096
57096
57097
57098
57098
57099
57101
57102
57104
57108
57120
57122
57123
57123
57124
57124
57125
57126
57126
57143
