0
77
108
127
176
177
177
177
254
257
257
265
267
267
269
269
278
291
298
308
369
369
378
387
806
806
867
926
938
947
958
967
1031
1031
1031
1031
1077
1087
1088
1162
1164
1167
1167
1167
1168
1208
1208
1208
1208
1237
1259
1267
1267
1267
1278
1288
1379
1379
1379
1379
1380
1428
1428
1428
1429
1429
1438
1449
1449
1458
1468
1477
1488
1538
1538
1538
1538
1539
1567
1577
1587
1598
1607
1617
1627
1637
1647
1969
1977
1987
1996
2007
2017
2017
2028
2077
2077
2097
2097
2107
2126
2126
2138
2138
2148
2197
2197
2216
2217
2217
2217
2226
2237
2237
2247
2257
2268
2268
2277
2287
2298
2307
2318
2318
2327
2338
2348
2358
2358
2367
2378
2386
2398
2398
2408
2417
2428
2437
2437
2447
2517
2587
2591
2591
2591
2594
2594
2594
2594
2594
2600
2608
2618
2618
2626
2636
2648
2658
2658
2667
2677
2687
2698
2698
2707
2719
2768
2768
2768
2768
2768
2776
2787
2787
2798
2807
2816
2867
2867
2867
2867
2896
2897
2906
2917
2926
2937
2937
2946
2957
2967
2978
2978
2987
2997
3007
3057
3057
3066
3067
3067
3077
3077
3086
3096
3146
3157
3157
3587
3590
3590
3590
3590
3590
3590
3590
3590
3590
3590
3590
3590
3590
3590
3590
3591
3591
3591
3591
3591
3591
3591
3591
3591
3591
3591
3591
3591
3591
3591
3591
3591
3592
3598
3607
3608
3627
3700
3703
3704
3704
3711
3716
3777
3778
3778
3778
3798
3807
3827
3936
3937
3937
3938
3977
3977
3978
4086
4086
4086
4086
4087
4088
4109
4126
4148
4207
4207
4257
4257
4278
4305
4318
4337
4367
4397
4417
4447
4508
4527
4558
4596
4668
4718
4776
4905
4982
5096
5157
5236
5447
5592
5670
5805
6066
7547
7548
7636
7636
7643
7647
7677
7688
7698
7708
7708
7758
7758
7777
7779
7779
7779
7788
7798
7808
7808
7818
7827
7837
7847
7898
7907
7907
7908
7908
7968
7968
7968
7977
8027
8028
8028
8028
8037
8047
8058
8077
8087
8098
8107
8117
8129
8154
8157
8167
8237
8237
8257
8257
8267
8277
8297
8306
8316
8377
8377
8378
8407
8407
8417
8437
8447
8602
8603
8603
8603
8603
8607
8607
8607
8607
8680
8680
8680
8680
8688
8698
8699
8699
8708
8718
8728
8815
8815
8815
8815
8815
8838
8839
8839
8839
8848
8858
8868
8868
8878
8887
8918
8929
8938
8948
8959
8967
8978
8987
8998
9008
9017
9028
9038
9057
9080
9088
9148
9158
9158
9177
9207
9227
9258
9258
9258
9267
9277
9287
9298
9307
9317
9338
9357
9367
9377
9387
9397
9428
9437
9447
9498
9557
9608
9608
9608
9608
9617
9627
9637
9687
9687
9688
9717
9717
9718
9807
9807
9827
9837
9857
9857
9857
9868
9878
9887
9897
9906
9906
10002
10002
10002
10002
10002
10002
10003
10096
10096
10096
10096
10096
10097
10097
10097
10107
10146
10197
10207
10207
10207
10227
10227
10237
10237
10287
10287
10288
10298
10298
10307
10317
10337
10387
10387
10388
10389
10389
10398
10398
10417
10428
10436
10448
10448
10457
10468
10479
10487
10487
10496
10506
10517
10528
10538
10556
10567
10577
12795
12896
12916
12966
13026
13099
13099
13101
13101
13175
13178
13178
13179
13179
13179
13179
13179
13184
13229
13229
13229
13247
13257
13277
13308
13308
13308
13308
13316
13327
13327
13337
13347
13357
13367
13376
13386
13396
13406
13417
13427
13427
13436
13447
13466
13544
13546
13547
13547
13547
13547
13547
13587
13587
13587
13607
13607
13637
13647
13660
13668
13676
13686
13785
13785
13785
13786
13794
13794
13797
13797
13827
13901
13901
13901
13902
13904
13982
13982
13982
13982
13982
13983
13983
13983
13983
13984
13993
13996
14006
14017
14017
14037
14047
14056
14076
14172
14173
14173
14174
14174
14183
14187
14196
14216
14226
14237
14286
14337
14356
14356
14376
14396
14472
14472
14480
14496
14526
14556
14576
14616
14676
14695
14735
14846
14856
14906
14996
15025
15106
15231
15286
15480
16365
16560
16560
16561
16616
16627
16627
16676
16677
16677
16687
16696
16707
16717
16717
16726
16737
16758
16769
16769
16778
16787
16797
16808
16904
16904
16904
16905
16905
16905
16905
16905
16905
16915
16919
16919
16932
16942
16948
16996
16997
17016
17017
17017
17017
17037
17048
17048
17057
17106
17116
17127
17127
17127
17136
17146
17156
17167
17176
17186
17196
17206
17223
17223
17296
17296
17296
17297
17297
17298
17327
17327
17327
17336
17386
17386
17386
17386
17389
17396
17410
17418
17426
17436
17447
17456
17466
17476
17554
17555
17557
17557
17557
17557
17562
17569
17578
17586
17637
17637
17637
17639
17639
17646
17646
17656
17667
17678
17687
17687
17697
17750
17750
17750
17750
17750
17798
17798
17798
17798
17798
17806
17857
17857
17857
17857
17857
17909
17909
17909
17909
17909
17984
17986
17986
17988
17988
17989
17989
17989
17989
17991
17999
18008
18008
18020
18028
18036
18048
18048
18057
18067
18082
18093
18093
18104
18109
18188
18188
18188
18188
18188
18189
18217
18217
18217
18218
18218
18227
18227
18279
18279
18279
18279
18279
18287
18296
18306
18317
18317
18330
18339
18347
18364
18364
18378
18379
18389
18397
18397
18477
18477
18477
18509
18509
18526
18526
18526
18536
18537
18546
18567
18576
18627
18627
18627
18628
18628
18656
18656
18666
18676
18686
18696
18696
18706
18717
18727
18736
18737
18746
18757
18767
18839
18839
18841
18841
18841
18841
18841
18870
18877
18887
18887
18887
18907
18917
18967
18967
18967
18967
18967
18985
19027
19027
19027
19029
19029
19037
19037
19047
19056
19066
19076
19076
19086
19096
19107
19116
19116
19128
19137
19188
19196
19196
19197
19197
19211
19217
19217
19227
19236
19246
19260
19260
19266
19351
19351
19351
19351
19351
19351
19351
19389
19389
19389
19389
19389
19463
19531
19532
19532
19533
19533
19534
19538
19539
19539
19539
19540
19540
19540
19546
19550
19597
19597
19598
19598
19598
19606
19683
19687
19687
19688
19688
19689
19689
19695
19697
19709
19716
19823
19824
19824
19824
19825
19825
19856
19857
19857
19857
19868
19876
19926
19926
19927
19937
19946
19957
19967
19977
19987
20000
20025
20033
20039
20047
20123
20124
20125
20125
20125
20147
20147
20147
20197
20197
20197
20197
20207
20216
20236
20246
20256
20277
20287
20296
20322
20329
20337
20397
20397
20397
20427
20427
20477
20486
20487
20497
20506
20629
20629
20629
20630
20630
20630
20647
20647
20648
20656
20666
20686
20761
20762
20762
20837
20851
20876
20900
20926
20956
21026
21036
21126
21127
21156
21261
21263
21264
21277
21402
21402
21477
21478
21478
21506
21651
21651
21657
21659
21696
21726
21806
21913
21915
21956
22089
22109
22301
22927
23075
23271
24225
25028
25110
25110
25117
25137
25156
25166
25217
25246
25296
25296
25369
25371
25372
25387
25406
25429
25477
25506
25536
25556
25634
25634
25641
25697
25726
25737
25766
25806
25836
25906
25936
25976
26016
26096
26166
26297
26387
26495
26626
26776
26936
27057
27086
27107
27125
27146
27166
27186
27196
27216
27226
27236
27341
27341
27342
27342
27342
27342
27387
27387
27387
27387
27387
27397
27407
27407
27417
27428
27507
27507
27507
27507
27508
27508
27508
27513
27517
27527
27537
27537
27546
27557
27567
27576
27586
27597
27606
27617
27627
27627
27636
27647
27656
27667
27677
27687
27696
27707
27784
27786
27788
27793
27793
27794
27795
27796
27836
27837
27837
27866
27867
27867
27876
27887
27896
27907
27916
27927
27927
27937
27947
27956
27977
27977
28071
28071
28071
28072
28072
28154
28154
28154
28154
28156
28157
28157
28158
28158
28159
28167
28167
28242
28244
28316
28318
28327
28328
28329
28339
28346
28357
28446
28446
28446
28446
28446
28447
28447
28453
28456
28467
28467
28517
28518
28518
28518
28518
28528
28536
28613
28613
28613
28613
28614
28614
28681
28681
28688
28688
28689
28689
28689
28689
28697
28707
28707
28717
28726
28736
28748
28756
28767
28778
28787
28797
28806
28857
28858
28858
28858
28876
28887
28899
28908
28918
28926
28937
28947
28956
28977
29027
29037
29037
29037
29086
29086
29117
29117
29117
29127
29136
29147
29157
29176
29186
29198
29207
29218
29277
29286
29286
29306
29318
29326
29346
29356
29366
29427
29437
29446
29456
29506
29507
29556
29556
29587
29587
29606
29636
29656
29676
29726
29726
29756
29775
29797
29816
29846
29878
30001
30005
30007
30093
30099
30101
30189
30237
30286
30296
30337
30417
30419
30498
30499
30556
30585
30676
30696
30795
30805
30837
30846
30896
30946
30947
31037
31038
31046
31123
31125
31204
31204
31255
31296
31346
31387
31416
31456
31526
31586
31606
31727
31728
31756
31817
31876
31976
32016
32107
32206
32246
32326
32357
32427
32515
32749
32759
32926
33115
33385
33592
33595
33595
33636
33656
33667
33687
33707
33716
33726
33736
33746
33797
33797
33797
33798
33807
33817
33894
33897
33898
33899
33900
33901
33904
33910
33917
33917
33967
33976
33987
33991
33991
34038
34039
34039
34039
34039
34047
34057
34206
34206
34207
34207
34207
34207
34208
34208
34209
34209
34210
34210
34211
34211
34212
34218
34218
34224
34229
34237
34247
34247
34257
34267
34277
34328
34328
34329
34329
34357
34378
34378
34388
34388
34397
34406
34408
34417
34427
34438
34448
34457
34467
34477
34477
34487
34498
34507
34520
34520
34527
34577
34577
34598
34598
34606
34628
34630
34637
34637
34657
34667
34677
34697
34707
34707
34717
34767
34767
34768
34768
34796
34798
34798
34807
34807
34816
34828
34837
34848
34848
34858
34867
34877
34887
34887
34897
34907
34956
35027
35027
35029
35030
35030
35031
35031
35031
35034
35041
35047
35057
35057
35067
35118
35128
35128
35129
35129
35137
35214
35216
35216
35216
35216
35217
35217
35217
35218
35225
35227
35237
35237
35248
35297
35307
35307
35307
35328
35338
35348
35348
35358
35367
35378
35388
35388
35397
35505
35505
35505
35505
35507
35507
35507
35507
35507
35508
35585
35585
35586
35586
35586
35591
35597
35608
35608
35617
35627
35638
35709
35709
35709
35709
35710
35711
35711
35711
35713
35721
35767
35767
35776
35787
35788
35797
35797
35809
35817
35827
35837
35837
35847
35897
35907
35917
35917
35928
35937
35946
35957
35957
35967
35977
35986
35998
35998
36047
36056
36057
36077
36077
36077
36087
36097
36107
36117
36117
36127
36137
36146
36157
36157
36167
36280
36283
36284
36284
36284
36294
36294
36295
36295
36295
36374
36374
36374
36374
36374
36375
36375
36376
36376
36386
36389
36398
36408
36408
36418
36429
36437
36448
36448
36457
36467
36477
36487
36488
36498
36506
36517
36528
36528
36537
36547
36598
36608
36608
36617
36627
36639
36647
36647
36657
36667
36677
36690
36690
36698
36770
36772
36775
36775
36788
36789
36797
36808
36808
36819
36829
36838
36848
36848
36897
36897
36917
36918
36918
36950
36950
36950
36959
36960
36968
36977
36986
36997
36997
37009
37017
37027
37036
37037
37046
37057
37107
37108
37109
37109
37109
37157
37167
37167
37167
37168
37178
37187
37199
37199
37208
37278
37279
37279
37279
37279
37279
37279
37283
37283
37292
37299
37306
37384
37384
37386
37387
37397
37400
37400
37400
37417
37418
37497
37497
37500
37501
37501
37502
37502
37502
37503
37506
37515
37557
37569
37578
37587
37587
37599
37608
37617
37627
37627
37637
37648
37657
37668
37668
37678
37687
37697
37748
37748
37758
37767
37767
37779
37779
37787
37797
37807
37817
37818
37827
37836
37954
37957
37957
37957
37959
37959
37972
37972
37972
37972
37972
37978
37978
37987
38073
38073
38073
38073
38073
38075
38075
38107
38107
38117
38118
38119
38129
38138
38138
38146
38157
38167
38182
38182
38188
38198
38208
38217
38217
38227
38238
38311
38312
38312
38313
38313
38329
38337
38337
38337
38337
38351
38358
38358
38370
38378
38431
38431
38431
38431
38433
38477
38488
38488
38500
38500
38509
38521
38529
38538
38548
38557
38570
38579
38587
38599
38610
38618
38667
38667
38668
38669
38669
38678
38686
38697
38707
38707
38718
38726
38737
38747
38747
38757
38766
38777
38787
38787
38797
38807
38819
38829
38829
38876
38888
38898
38907
38907
38918
38926
38938
38947
38947
38959
38969
38978
39027
39027
39038
39047
39058
39067
39067
39081
39089
39097
39109
39109
39117
39166
39167
39168
39168
39170
39177
39229
39229
39229
39229
39229
39238
39247
39247
39257
39267
39277
39287
39287
39297
39307
39319
39327
39338
39338
39347
39421
39423
39427
39428
39428
39441
39441
39468
39468
39468
39469
39479
39488
39499
39509
39519
39519
39528
39579
39588
39598
39598
39598
39610
39619
39628
39628
39638
39648
39657
39667
39743
39743
39745
39750
39750
39750
39750
39750
39760
39763
39770
39770
39777
39787
39799
39849
39849
39858
39869
39869
39879
39879
39889
39899
39908
39919
39919
39927
39940
39949
39958
39958
39968
39978
40028
40037
40037
40037
40062
40067
40070
40070
40077
40087
40098
40109
40109
40118
40129
40177
40177
40177
40177
40209
40209
40211
40217
40217
40226
40237
40287
40288
40288
40288
40289
40297
40349
40349
40349
40349
40377
40378
40378
40378
40386
40408
40412
40415
40419
40427
40439
40447
40448
40457
40468
40477
40487
40487
40499
40546
40559
40559
40559
40607
40607
40607
40607
40608
40617
40627
40637
40637
40646
40659
40667
40678
40678
40687
40703
40711
40759
40759
40759
40760
40761
40767
40768
40777
40787
40798
40868
40868
40870
40870
40870
40871
40871
40871
40872
40885
40889
40889
40897
40906
40958
40972
40972
40980
40987
41057
41058
41058
41058
41058
41108
41108
41108
41126
41127
41127
41139
41139
41146
41163
41171
41180
41180
41187
41202
41209
41217
41218
41278
41296
41296
41330
41330
41331
41331
41341
41350
41350
41357
41367
41377
41387
41387
41397
41406
41416
41493
41493
41493
41494
41527
41527
41527
41527
41576
41580
41580
41580
41580
41586
41598
41598
41606
41617
41632
41640
41640
41647
41657
41667
41677
41677
41687
41699
41723
41730
41730
41737
41747
41758
41767
41767
41817
41828
41844
41850
41850
41858
41866
41939
41941
41941
41942
41958
41958
41970
41971
41971
41997
41997
41998
42007
42008
42017
42092
42094
42094
42094
42095
42095
42095
42095
42095
42103
42106
42119
42167
42167
42167
42188
42198
42198
42199
42210
42217
42227
42238
42238
42246
42303
42303
42303
42303
42303
42347
42347
42347
42348
42348
42357
42370
42424
42424
42425
42425
42425
42435
42435
42438
42449
42457
42466
42542
42544
42545
42546
42547
42548
42548
42556
42562
42568
42578
42587
42669
42673
42673
42673
42673
42702
42702
42702
42702
42707
42707
42716
42727
42739
42748
42757
42767
42776
42786
42862
42864
42864
42865
42877
42877
42878
42878
42878
42928
42928
42928
42929
42929
42944
42944
42958
42959
42968
42979
42979
42988
42997
43007
43017
43017
43028
43036
43088
43089
43090
43090
43097
43106
43116
43116
43128
43138
43148
43226
43229
43233
43233
43233
43233
43267
43269
43269
43269
43318
43318
43318
43318
43320
43326
43337
43347
43356
43369
43379
43388
43396
43407
43417
43428
43428
43438
43455
43460
43468
43478
43478
43550
43551
43569
43578
43579
43596
43596
43617
43634
43637
43647
43656
43735
43736
43736
43737
43737
43777
43786
43786
43798
43813
43820
43838
43846
43858
43908
43927
43936
43948
44002
44005
44005
44011
44018
44037
44046
44056
44077
44087
44101
44157
44167
44167
44167
44186
44196
44206
44230
44276
44286
44297
44298
44348
44348
44356
44357
44357
44369
44369
44377
44386
44397
44407
44407
44457
44457
44458
44489
44508
44508
44508
44508
44517
44527
44527
44537
44547
44557
44566
44566
44576
44594
44600
44610
44610
44657
44657
44658
44658
44658
44669
44677
44687
44696
44696
44706
44716
44727
44737
44737
44787
44787
44788
44789
44789
44802
44808
44816
44827
44836
44887
44887
44888
44888
44888
44897
44906
44916
44917
44927
44976
44976
44977
44977
44977
44987
44998
45008
45008
45017
45028
45037
45049
45049
45057
45066
45076
45087
45087
45137
45137
45137
45137
45137
45149
45203
45203
45203
45203
45226
45247
45247
45247
45247
45258
45267
45276
45286
45287
45297
45307
45382
45384
45385
45386
45387
45388
45388
45388
45389
45398
45403
45408
45418
45418
45430
45477
45477
45477
45477
45477
45488
45497
45507
45507
45517
45538
45538
45547
45557
45648
45649
45649
45649
45649
45649
45656
45656
45697
45697
45697
45697
45707
45716
45729
45729
45736
45748
45757
45767
45784
45790
45797
45847
45847
45847
45847
45857
45868
45876
45887
45907
45918
45928
45945
45987
45996
45997
46000
46022
46029
46037
46056
46066
46076
46167
46167
46174
46197
46209
46229
46246
46265
46297
46316
46346
46437
46437
46506
46514
46524
46556
46616
46636
46684
46716
46797
46887
46936
47063
47066
47176
47216
47276
47407
47560
47563
47564
47666
47667
47672
47676
47687
47697
47706
47717
47737
47749
47803
47803
47817
47827
47847
47847
47867
47877
47886
47897
47897
47907
47917
47929
47937
47937
47948
47957
47967
47979
47979
48033
48033
48035
48057
48057
48058
48086
48086
48148
48148
48148
48167
48167
48167
48167
48176
48190
48201
48207
48218
48218
48226
48239
48247
48257
48257
48268
48277
48287
48449
48449
48449
48449
48449
48449
48450
48450
48450
48450
48450
48450
48463
48471
48478
48488
48488
48498
48507
48516
48528
48528
48537
48547
48597
48597
48597
48597
48607
48680
48681
48681
48683
48684
48684
48684
48696
48701
48712
48717
48727
48778
48778
48779
48799
48808
48808
48820
48868
48877
48879
48900
48901
48907
48928
48939
48948
49022
49024
49025
49025
49026
49057
49066
49079
49089
49099
49107
49119
49126
49147
49157
49167
49178
49187
49198
49207
49257
49257
49257
49269
49287
49297
49307
49316
49326
49378
49387
49397
49398
49563
49563
49565
49574
49574
49574
49574
49575
49576
49576
49580
49592
49602
49616
49626
49650
49727
49728
49803
49803
49809
49809
49810
49810
49821
49847
49867
49877
49898
49977
49982
49984
49984
49997
50056
50057
50093
50108
50108
50126
50147
50156
50167
50180
50188
50198
50224
50267
50267
50267
50267
50267
50320
50320
50331
50333
50333
50339
50339
50349
50357
50367
50378
50451
50451
50452
50453
50453
50454
50454
50454
50455
50467
50469
50518
50518
50518
50518
50526
50539
50548
50557
50567
50577
50577
50588
50643
50652
50653
50653
50726
50730
50730
50730
50731
50732
50733
50734
50734
50750
50764
50774
50781
50788
50798
50808
50857
50952
50952
50953
50954
50955
50956
51037
51037
51037
51046
51046
51087
51088
51118
51136
51157
51176
51250
51251
51266
51308
51325
51347
51386
51416
51456
51486
51569
51617
51666
51686
51788
51794
51846
51936
51986
52109
52155
52196
52236
52326
52406
52467
52566
52705
52775
52906
53081
53081
53084
53137
53137
53147
53156
53166
53187
53259
53259
53260
53272
53278
53279
53288
53297
53308
53317
53317
53387
53397
53407
53407
53427
53436
53447
53458
53466
53466
53516
53527
53527
53548
53563
53571
53578
53588
53598
53607
53618
53627
53637
53647
53647
53656
53669
53678
53690
53738
53738
53756
53767
53798
53806
53817
53817
53963
53963
53963
53967
53967
54035
54035
54035
54035
54035
54035
54041
54047
54047
54047
54047
54047
54050
54056
54056
54062
54074
54082
54092
54092
54098
54106
54119
54127
54127
54138
54149
54158
54167
54167
54177
54186
54197
54209
54261
54261
54261
54287
54287
54307
54317
54319
54328
54328
54337
54348
54357
54367
54367
54378
54387
54398
54407
54408
54418
54428
54481
54481
54481
54498
54507
54507
54516
54516
54526
54538
54547
54557
54567
54567
54619
54628
54637
54647
54647
54659
54667
54677
54686
54686
54707
54717
54728
54859
54859
54860
54860
54860
54865
54865
54865
54865
54865
54866
54897
54897
54897
54897
54898
54906
54906
54917
54927
54937
54947
54947
54957
54968
54977
54987
54987
54997
55008
55016
55027
55027
55039
55047
55058
55067
55068
55077
55147
55148
55170
55170
55170
55197
55197
55227
55227
55229
55229
55237
55247
55247
55257
55266
55277
55288
55288
55299
55317
55380
55381
55381
55412
55427
55427
55427
55427
55436
55448
55460
55466
55478
55487
55496
55517
55528
55556
55576
55650
55655
55655
55655
55655
55655
55754
55755
55755
55755
55756
55756
55767
55769
55862
55863
55882
55900
55908
55916
55928
55938
55947
55959
55976
56026
56038
56048
56048
56057
56067
56078
56097
56148
56148
56148
56148
56177
56177
56178
56178
56269
56269
56269
56269
56269
56279
56281
56281
56281
56281
56291
56298
56310
56310
56318
56330
56337
56348
56348
56359
56368
56377
56387
56387
56465
56468
56468
56468
56468
56470
56489
56489
56489
56489
56498
56506
56517
56527
56540
56547
56597
56597
56599
56616
56617
56647
56647
56677
56679
56679
56687
56697
56711
56719
56728
56736
56746
56758
56766
56776
56786
56840
56840
56841
56856
56866
56876
56896
56907
56919
56939
56987
56987
56988
56988
57004
57011
57029
57036
57048
57057
57066
57076
57087
57139
57139
57140
57188
57196
57196
57196
57247
57247
57247
57247
57256
57267
57277
57290
57296
57309
57328
57336
57347
57360
57367
57378
57397
57407
57416
57427
57436
57487
57488
57488
57506
57516
57527
57553
57635
57635
57635
57649
57649
57656
57666
57687
57707
57757
57757
57767
57776
57799
57808
57825
57836
57847
57954
57954
57954
57955
57956
57956
57969
57970
57979
57988
58036
58036
58089
58090
58090
58138
58138
58146
58167
58176
58272
58274
58275
58276
58288
58316
58387
58388
58477
58478
58492
58516
58603
58604
58616
58647
58676
58763
58846
58847
58866
58985
58994
59088
59146
59209
59317
59408
59467
59577
59679
59817
59936
60165
60685
60736
60805
60857
60857
60884
60898
60917
60927
60936
60946
61125
61125
61125
61125
61127
61127
61127
61127
61130
61130
61130
61130
61131
61143
61143
61143
61143
61143
61191
61192
61259
61259
61259
61263
61263
61263
61263
61264
61266
61266
61267
61267
61344
61346
61348
61349
61349
61350
61350
61350
61350
61350
61354
61399
61400
61400
61400
61400
61408
61523
61523
61523
61523
61523
61525
61526
61526
61526
61528
61529
61602
61608
61611
61611
61612
61612
61612
61613
61613
61614
61614
61618
61627
61636
61640
61640
61647
61658
61668
61677
61678
61687
61698
61707
61717
61717
61767
61768
61788
61799
61799
61799
61850
61850
61850
61850
61850
61898
61898
61898
61899
61908
61916
61916
61928
62023
62023
62026
62028
62028
62028
62028
62028
62057
62059
62078
62078
62078
62078
62088
62097
62107
62120
62127
62137
62147
62148
62163
62207
62218
62218
62219
62219
62228
62237
62247
62259
62259
62307
62317
62317
62337
62337
62337
62347
62357
62407
62407
62408
62408
62560
62560
62560
62560
62560
62561
62562
62562
62563
62564
62566
62566
62567
62569
62569
62582
62582
62582
62659
62659
62660
62660
62660
62662
62662
62663
62663
62663
62674
62678
62686
62698
62698
62707
62717
62727
62737
62747
62759
62767
62778
62828
62829
62829
62829
62829
62841
62841
62849
62857
62867
62877
62877
62887
62897
62986
62987
62987
62987
62987
62987
62987
62987
62995
62997
63007
63019
63019
63068
63068
63068
63068
63068
63080
63088
63097
63107
63107
63117
63132
63143
63153
63153
63161
63207
63207
63228
63228
63228
63228
63237
63252
63252
63259
63267
63276
63287
63340
63340
63340
63340
63340
63386
63387
63387
63408
63408
63408
63408
63416
63427
63437
63447
63447
63456
63468
63584
63584
63584
63584
63584
63585
63653
63653
63653
63654
63654
63654
63654
63661
63662
63662
63662
63663
63663
63663
63663
63697
63697
63707
63719
63728
63738
63738
63747
63758
63767
63777
63778
63787
63838
63838
63839
63839
63839
63847
63857
63907
63907
63907
63907
63908
63918
63918
63929
63938
63948
63957
63957
64009
64010
64027
64027
64027
64027
64037
64047
64057
64058
64067
64076
64087
64097
64097
64106
64117
64126
64138
64138
64146
64158
64166
64178
64178
64233
64240
64247
64248
64248
64259
64266
64277
64287
64287
64307
64321
64367
64367
64367
64368
64368
64381
64381
64389
64437
64446
64447
64447
64447
64458
64466
64477
64477
64486
64497
64547
64547
64547
64566
64568
64568
64576
64588
64588
64597
64606
64617
64627
64627
64636
64647
64657
64667
64667
64717
64726
64738
64738
64738
64747
64757
64773
64785
64785
64790
64798
64807
64817
64817
64826
64837
64887
64888
64888
64888
64888
64897
64906
64906
64916
64929
64941
64987
64987
64987
65006
65016
65017
65017
65027
65036
65046
65057
65058
65067
65076
65087
65098
65098
65107
65120
65128
65137
65137
65148
65198
65198
65199
65199
65199
65207
65216
65228
65228
65237
65346
65346
65346
65349
65349
65349
65349
65350
65350
65350
65356
65362
65409
65409
65410
65410
65438
65438
65438
65438
65447
65498
65499
65499
65499
65499
65514
65522
65527
65527
65537
65547
65557
65567
65576
65587
65601
65614
65614
65620
65627
65638
65646
65646
65697
65707
65717
65718
65718
65726
65736
65748
65798
65798
65798
65798
65827
65829
65829
65829
65837
65846
65857
65857
65868
65877
65886
65902
65902
66013
66013
66015
66016
66016
66017
66017
66017
66029
66029
66030
66038
66115
66120
66120
66120
66120
66120
66121
66121
66122
66129
66137
66150
66150
66157
66167
66177
66193
66193
66202
66209
66218
66229
66239
66239
66248
66259
66267
66317
66317
66327
66337
66338
66348
66348
66356
66366
66417
66427
66427
66427
66427
66438
66453
66453
66462
66535
66537
66537
66537
66537
66538
66538
66539
66543
66551
66560
66560
66566
66577
66587
66638
66639
66651
66659
66659
66671
66679
66679
66687
66773
66777
66777
66777
66777
66786
66804
66805
66805
66805
66810
66817
66828
66828
66840
66848
66857
66867
66867
66879
66888
66962
66964
66964
66964
66965
66965
66990
66990
66990
66990
66990
67041
67041
67041
67042
67067
67067
67067
67068
67077
67088
67097
67097
67109
67118
67127
67138
67138
67147
67157
67169
67177
67177
67187
67197
67209
67263
67263
67263
67346
67346
67415
67415
67415
67415
67427
67427
67427
67427
67427
67428
67428
67428
67433
67433
67433
67433
67441
67448
67457
67469
67469
67479
67487
67497
67508
67508
67518
67526
67537
67547
67547
67558
67607
67608
67608
67608
67637
67639
67639
67650
67650
67659
67671
67677
67754
67754
67759
67826
67827
67827
67827
67835
67835
67835
67836
67836
67836
67836
67836
67836
67836
67878
67879
67879
67908
67908
67928
67928
67928
67937
67937
67946
67957
67972
67981
67981
67986
67998
68048
68049
68049
68049
68049
68065
68073
68073
68080
68090
68098
68107
68107
68117
68128
68137
68187
68189
68189
68189
68189
68237
68237
68237
68237
68238
68247
68247
68258
68267
68283
68292
68292
68299
68309
68316
68367
68367
68370
68370
68376
68376
68386
68436
68438
68438
68438
68438
68448
68456
68467
68467
68477
68488
68499
68507
68507
68517
68532
68540
68550
68550
68623
68627
68628
68630
68630
68631
68631
68631
68642
68642
68646
68651
68659
68670
68679
68679
68689
68700
68747
68747
68747
68749
68749
68798
68807
68807
68808
68808
68857
68857
68857
68859
68859
68907
68908
68908
68908
68908
68916
68928
68928
68940
68948
68957
68967
68967
68977
68986
68996
69008
69008
69016
69026
69040
69050
69050
69063
69069
69077
69087
69088
69097
69107
69124
69133
69133
69179
69179
69179
69207
69207
69227
69227
69228
69277
69277
69286
69287
69288
69297
69297
69306
69317
69366
69367
69367
69367
69367
69376
69387
69387
69397
69406
69416
69427
69428
69503
69506
69508
69509
69509
69510
69511
69512
69518
69521
69531
69539
69657
69658
69658
69658
69658
69660
69660
69661
69663
69679
69679
69679
69680
69680
69681
69693
69693
69696
69708
69724
69732
69733
69739
69750
69759
69773
69773
69779
69787
69797
69807
69807
69817
69828
69837
69923
69923
69924
69925
69926
69998
69998
70000
70000
70001
70011
70011
70011
70011
70011
70020
70067
70144
70144
70144
70222
70222
70225
70225
70225
70225
70228
70228
70234
70235
70235
70236
70236
70237
70238
70239
70241
70241
70243
70319
70325
70326
70327
70328
70328
70329
70331
70331
70358
70367
70368
70368
70368
70444
70448
70449
70450
70450
70451
70453
70453
70458
70458
70498
70498
70498
70498
70498
70548
70548
70548
70548
70558
70607
70607
70608
70609
70609
70659
70659
70659
70659
70659
70732
70734
70735
70735
70737
70738
70739
70740
70740
70749
70753
70760
70767
70767
70777
70786
70797
70807
70807
70819
70894
70895
70895
70895
70895
70896
70938
70948
70948
70948
70948
70957
70967
70967
71018
71018
71019
71019
71026
71026
71037
71046
71057
71067
71067
71078
71087
71101
71109
71109
71118
71126
71137
71147
71167
71186
71206
71226
71236
71297
71297
71298
71373
71373
71373
71373
71373
71381
71427
71427
71428
71428
71429
71437
71437
71447
71457
71474
71481
71481
71527
71528
71528
71528
71528
71588
71588
71589
71589
71589
71673
71673
71673
71673
71673
71674
71675
71678
71678
71689
71693
71703
71707
71707
71717
71726
71737
71746
71746
71757
71767
71776
71787
71787
71864
71866
71868
71869
71869
71871
72024
72026
72026
72026
72026
72028
72029
72030
72030
72030
72031
72032
72032
72032
72033
72033
72033
72050
72050
72050
72051
72051
72062
72111
72111
72111
72111
72111
72119
72119
72130
72138
72148
72156
72156
72167
72176
72187
72198
72198
72209
72217
72226
72238
72238
72287
72288
72288
72288
72288
72338
72339
72359
72360
72360
72360
72412
72412
72412
72412
72412
72420
72428
72438
72438
72447
72457
72468
72477
72477
72487
72497
72506
72519
72519
72527
72540
72549
72557
72557
72567
72624
72624
72624
72624
72646
72666
72667
72697
72697
72697
72706
72716
72716
72727
72742
72748
72758
72758
72767
72777
72787
72798
72798
72806
72858
72858
72858
72858
72858
72866
72877
72887
72887
72897
72906
72981
72984
72984
72984
72984
72984
72985
72985
72986
73080
73080
73081
73081
73081
73082
73082
73098
73098
73098
73100
73133
73133
73133
73133
73138
73187
73188
73188
73188
73222
73222
73222
73222
73332
73332
73332
73333
73333
73333
73334
73335
73335
73335
73348
73352
73397
73397
73399
73399
73399
73484
73484
73485
73497
73506
73526
73537
73546
73598
73598
73598
73713
73714
73714
73715
73715
73716
73716
73716
73717
73717
73718
73718
73718
73724
73767
73769
73769
73769
73769
73778
73787
73802
73802
73811
73818
73827
73843
73843
73850
73857
73871
73917
73917
73919
73919
73919
73927
73927
73938
73948
73957
73967
73967
73976
73987
73997
74046
74047
74048
74048
74048
74097
74097
74097
74098
74098
74108
74109
74117
74127
74137
74147
74168
74177
74186
74196
74206
74216
74226
74236
74248
74258
74267
74267
74276
74287
74337
74337
74337
74337
74366
74368
74368
74368
74377
74387
74401
74408
74408
74417
74426
74437
74453
74453
74546
74546
74547
74547
74547
74548
74556
74562
74569
74580
74594
74638
74646
74657
74657
74657
74667
74717
74717
74717
74717
74718
74768
74768
74768
74858
74858
74860
74860
74860
74860
74860
74862
74862
74862
74863
74872
74878
74878
74887
74898
74908
74919
74919
74927
74937
74946
74966
74966
74969
74977
74987
74998
74998
75009
75056
75067
75067
75068
75068
75078
75087
75097
75097
75147
75147
75147
75148
75148
75197
75197
75198
75227
75227
75227
75227
75237
75287
75287
75287
75307
75317
75317
75317
75327
75336
75346
75357
75366
75367
75377
75386
75397
75406
75406
75417
75426
75437
75447
75447
75456
75507
75507
75526
75527
75537
75623
75623
75626
75626
75626
75626
75626
75693
75694
75700
75706
75706
75707
75707
75709
75714
75716
75716
75719
75727
75736
75754
75754
75763
75767
75777
75860
75860
75860
75860
75860
75860
75860
75860
75897
75897
75897
75898
75930
75930
75930
75938
75938
75947
75958
75966
75976
75976
75986
75997
76007
76017
76017
76027
76039
76046
76057
76057
76066
76077
76086
76170
76170
76174
76174
76175
76185
76185
76185
76227
76227
76305
76305
76305
76307
76307
76307
76307
76307
76307
76313
76316
76317
76326
76336
76346
76359
76360
76435
76443
76444
76444
76445
76455
76455
76455
76478
76478
76478
76478
76486
76497
76497
76506
76517
76527
76538
76538
76597
76607
76607
76607
76626
76657
76659
76659
76659
76667
76677
76693
76699
76699
76708
76717
76727
76737
76737
76747
76757
76766
76777
76777
76788
76863
76865
76865
76865
76865
76866
76950
76950
76950
76950
76951
76951
76952
76952
76952
76962
76967
76977
76977
76987
76997
77006
77018
77018
77027
77083
77088
77097
77097
77098
77173
77173
77174
77174
77174
77175
77176
77176
77176
77187
77190
77198
77210
77210
77217
77229
77238
77346
77346
77346
77346
77347
77347
77347
77347
77348
77348
77353
77353
77435
77435
77436
77438
77438
77449
77457
77457
77467
77467
77476
77488
77497
77509
77517
77517
77532
77539
77546
77556
77557
77567
77577
77587
77637
77637
77637
77637
77637
77647
77647
77658
77734
77736
77737
77737
77738
77738
77738
77743
77817
77820
77820
77820
77820
77821
77838
77838
77857
77857
77869
77888
77888
77898
77898
77907
77922
77968
78043
78043
78043
78043
78044
78045
78045
78045
78045
78047
78047
78047
78053
78057
78066
78080
78080
78086
78097
78109
78117
78117
78127
78178
78178
78180
78181
78181
78227
78227
78228
78228
78228
78238
78247
78257
78257
78267
78276
78286
78297
78297
78307
78317
78328
78339
78417
78417
78419
78420
78421
78421
78421
78422
78422
78423
78433
78434
78478
78487
78487
78488
78488
78504
78557
78568
78568
78577
78588
78597
78670
78670
78671
78671
78671
78672
78672
78696
78708
78708
78708
78708
78717
78726
78777
78777
78777
78777
78808
78808
78808
78808
78857
78857
78857
78859
78859
78866
78877
78890
78901
78901
78909
78922
78928
78937
78937
78951
78960
78967
78976
78977
78986
79037
79037
79038
79038
79067
79067
79067
79117
79117
79117
79117
79118
79127
79127
79136
79187
79187
79187
79187
79188
79197
79207
79217
79217
79227
79238
79247
79256
79256
79267
79317
79317
79318
79318
79318
79326
79337
79347
79347
79362
79367
79376
79386
79440
79440
79440
79440
79441
79450
79450
79456
79468
79477
79488
79488
79497
79508
79516
79527
79527
79544
79549
79562
79568
79568
79577
79586
79596
79607
79607
79627
79637
79637
79646
79657
79668
79716
79795
79795
79795
79795
79868
79868
79868
79872
79872
79876
79877
79877
79877
79881
79895
79895
79895
79895
79898
79907
79917
79917
79929
79937
79946
79957
79957
79967
79977
79986
79999
79999
80008
80017
80132
80132
80132
80132
80137
80137
80138
80151
80165
80196
80206
80216
80226
80246
80256
80306
80307
80308
80308
80318
80327
80337
80353
80361
80361
80367
80377
80388
80398
80398
80407
80416
80471
80477
80477
80487
80487
80500
80507
80508
80518
80528
80539
80646
80646
80646
80646
80646
80647
80647
80648
80655
80663
80663
80669
80717
80717
80718
80718
80746
80746
80747
80757
80757
80768
80777
80787
80798
80798
80847
80847
80867
80867
80867
80897
80897
80986
80986
80986
80986
81053
81054
81054
81054
81054
81055
81063
81064
81064
81065
81065
81065
81067
81096
81096
81097
81097
81148
81148
81148
81148
81148
81157
81207
81217
81217
81217
81218
81226
81237
81259
81267
81278
81290
81298
81351
81351
81351
81351
81367
81378
81427
81427
81427
81427
81428
81437
81448
81457
81467
81476
81486
81497
81506
81516
81527
81536
81536
81546
81597
81597
81597
81597
81606
81617
81627
81637
81646
81657
81666
81676
81676
81686
81784
81784
81784
81784
81794
81801
81815
81815
81815
81818
81828
81838
81847
81856
81907
81908
81908
81908
81908
81918
81967
81967
81967
81967
81998
81998
81998
81998
82012
82019
82027
82027
82038
82047
82059
82069
82077
82080
82087
82099
82107
82116
82127
82139
82217
82218
82218
82219
82219
82219
82219
82304
82304
82304
82304
82304
82305
82305
82320
82320
82320
82320
82328
82337
82337
82348
82359
82367
82376
82376
82387
82397
82408
82418
82418
82432
82440
82447
82500
82500
82503
82503
82503
82506
82518
82519
82526
82606
82608
82609
82609
82610
82610
82610
82618
82624
82667
82667
82667
82667
82667
82677
82755
82759
82759
82759
82760
82760
82760
82761
82769
82776
82794
82873
82873
82873
82873
82874
82900
82900
82901
82907
82957
82957
82957
82958
82958
82968
82977
82977
82988
82996
83009
83057
83058
83067
83080
83080
83087
83088
83098
83108
83119
83128
83129
83137
83152
83159
83167
83167
83177
83187
83239
83239
83239
83240
83267
83268
83268
83268
83278
83288
83297
83307
83307
83322
83331
83377
83378
83378
83397
83398
83431
83431
83431
83431
83479
83480
83480
83480
83481
83488
83497
83507
83507
83516
83588
83590
83591
83591
83592
83592
83599
83599
83611
83621
83627
83637
83637
83646
83657
83667
83677
83677
83687
83696
83707
83718
83718
83767
83767
83767
83797
83797
83797
83797
83808
83818
83818
83827
83877
83878
83878
83878
83878
83887
83897
83906
83907
83916
84028
84028
84029
84029
84029
84031
84031
84031
84031
84032
84032
84032
84107
84107
84108
84108
84110
84110
84110
84113
84114
84122
84130
84130
84137
84150
84222
84222
84222
84224
84224
84224
84224
84224
84235
84240
84246
84258
84258
84274
84280
84287
84298
84298
84306
84320
84327
84380
84380
84380
84381
84381
84387
84387
84398
84406
84418
84428
84428
84437
84448
84457
84468
84468
84477
84487
84497
84512
84512
84524
84571
84577
84588
84588
84598
84615
84622
84627
84637
84637
84688
84708
84708
84708
84708
84716
84727
84727
84737
84797
84797
84878
84878
84879
84879
84879
84879
84879
84879
84883
84886
84897
84897
84910
84917
84926
84946
84946
84953
84956
84967
84977
84977
84998
85048
85078
85097
85097
85099
85099
85147
85148
85148
85148
85149
85157
85166
85199
85207
85207
85217
85227
85239
85250
85250
85259
85271
85288
85295
85295
85394
85394
85394
85394
85394
85396
85396
85396
85396
85396
85404
85407
85418
85430
85436
85487
85487
85488
85488
85488
85537
85537
85538
85541
85547
85557
85567
85567
85577
85587
85597
85616
85627
85636
85647
85656
85666
85718
85718
85737
85737
85748
85748
85758
85776
85786
85796
85848
85848
85848
85848
85860
85867
85892
85897
85906
85917
85967
85976
85976
85978
85986
86007
86016
86027
86037
86046
86057
86106
86106
86106
86118
86126
86136
86146
86156
86166
86176
86187
86196
86217
86269
86269
86269
86269
86269
86278
86287
86296
86306
86306
86316
86424
86425
86425
86425
86425
86426
86426
86426
86426
86426
86434
86477
86487
86487
86496
86497
86507
86557
86557
86567
86577
86578
86587
86587
86596
86607
86617
86667
86667
86678
86686
86697
86707
86707
86716
86766
86766
86766
86766
86816
86816
86817
86817
86817
86826
86838
86847
86847
86857
86866
86877
86887
86887
86897
86907
86917
86927
86927
86937
87014
87015
87016
87016
87016
87026
87027
87027
87027
87027
87037
87047
87057
87057
87067
87076
87087
87137
87137
87137
87137
87138
87147
87147
87156
87166
87178
87189
87189
87196
87273
87274
87274
87274
87275
87275
87275
87275
87275
87280
87286
87297
87307
87307
87358
87360
87377
87377
87377
87406
87407
87436
87457
87457
87457
87457
87466
87516
87516
87517
87517
87517
87527
87536
87536
87547
87556
87568
87577
87586
87599
87607
87608
87616
87626
87702
87703
87703
87705
87705
87717
87717
87717
87717
87718
87727
87737
87737
87747
87757
87766
87779
87780
87787
87798
87807
87891
87891
87891
87891
87891
87891
87891
87892
87892
87901
87907
87907
87916
87927
87937
87947
87947
87957
88032
88032
88032
88032
88032
88032
88032
88039
88047
88047
88057
88066
88077
88086
88086
88137
88137
88137
88167
88167
88167
88247
88247
88247
88247
88248
88248
88248
88249
88249
88253
88257
88306
88306
88306
88307
88307
88388
88389
88389
88390
88390
88391
88391
88391
88392
88392
88401
88407
88407
88434
88477
88477
88477
88477
88479
88528
88537
88537
88547
88547
88555
88569
88569
88576
88586
88597
88606
88606
88656
88656
88656
88657
88657
88666
88677
88687
88697
88697
88707
88717
88727
88738
88738
88747
88757
88767
88779
88779
88788
88796
88806
88816
88816
88829
88837
88888
88906
88906
88916
88917
88927
88936
88937
88946
88956
88967
88978
88978
88986
88997
89007
89016
89016
89027
89036
89121
89121
89121
89122
89122
89124
89135
89135
89138
89146
89157
89170
89170
89177
89187
89205
89212
89212
89220
89268
89268
89268
89268
89269
89277
89286
89297
89297
89347
89347
89366
89366
89366
89366
89376
89385
89396
89396
89406
89415
89426
89437
89437
89445
89455
89466
89476
89477
89487
89496
89507
89517
89517
89528
89538
89621
89621
89621
89621
89621
89656
89656
89656
89659
89659
89707
89707
89717
89717
89717
89727
89727
89737
89814
89816
89816
89816
89816
89816
89816
89822
89822
89894
89896
89896
89896
89896
89896
89918
89918
89918
89919
89919
89968
89968
89968
89968
89968
89976
89987
89996
89996
90006
90016
90026
90101
90101
90102
90103
90104
90116
90116
90116
90117
90117
90127
90127
90136
90147
90160
90168
90168
90176
90231
90231
90253
90253
90253
90253
90276
90286
90296
90296
90306
90357
90358
90358
90358
90358
90366
90376
90387
90387
90396
90406
90416
90467
90467
90467
90467
90468
90476
90476
90485
90497
90578
90582
90582
90582
90583
90583
90583
90617
90617
90617
90618
90646
90647
90647
90657
90657
90666
90676
90686
90696
90696
90707
90717
90726
90737
90737
90746
90756
90766
90776
90776
90787
90796
91203
91203
91203
91204
91204
91204
91204
91204
91204
91204
91204
91204
91204
91204
91204
91204
91204
91204
91204
91204
91204
91204
91204
91204
91204
91204
91204
91205
91205
91205
91212
91266
91266
91272
91558
91558
91558
91558
91558
91558
91558
91558
91558
91558
91558
91558
91558
91558
91558
91558
91559
91559
91566
91575
91587
91606
91616
91628
91686
91686
91735
91736
91785
91796
91855
91855
91905
91906
91915
91935
91945
91965
91985
91995
92081
92084
92093
92095
92105
92115
92136
92150
92162
92165
92176
92186
92196
92206
92257
92257
92257
92258
92258
92267
92276
92276
92285
92296
92306
92316
92316
92326
92337
92346
92356
92356
92406
92417
92417
92417
92417
92426
92557
92559
92559
92559
92559
92559
92559
92560
92560
92560
92560
92560
92565
92576
92586
92595
92606
92656
92656
92656
92657
92665
92675
92686
92695
92706
92716
92716
92726
92735
92746
92756
92766
92775
92786
92797
92806
92816
92834
92838
92929
92929
92929
92930
92931
92932
92940
92945
92956
92967
93016
93026
93026
93027
93086
93086
93087
93087
93096
93145
93146
93146
93175
93176
93186
93206
93215
93225
93247
93256
93306
93306
93315
93325
93335
93355
93366
93376
93396
93405
93415
93515
93515
93515
93518
93526
93537
93556
93566
93575
93646
93646
93647
93656
93677
93736
93737
93737
93737
93747
93796
93796
93807
93816
93829
93837
93837
93846
93857
93867
93918
93918
93918
93918
93968
93968
93987
93987
93987
93997
93997
94006
94080
94082
94082
94082
94106
94106
94106
94106
94106
94117
94167
94177
94177
94177
94177
94227
94227
94228
94228
94228
94301
94302
94303
94303
94304
94304
94317
94319
94319
94327
94338
94347
94399
94399
94399
94426
94426
94426
94436
94447
94456
94466
94466
94478
94488
94498
94510
94524
94530
94537
94557
94567
94578
94588
94617
94626
94676
94676
94677
94691
94697
94707
94725
94736
94745
94773
94779
94787
94804
94815
94836
94849
94866
94920
94920
94928
94944
94975
95009
95028
95075
95076
95086
95096
95118
95127
95136
95146
95196
95206
95206
95206
95206
95218
95230
95237
95246
95246
95256
95266
95281
95288
95336
95337
95337
95338
95346
95346
95356
95366
95376
95385
95484
95487
95489
95490
95504
95504
95504
95504
95516
95577
95577
95578
95596
95606
95616
95635
95646
95655
95676
95686
95695
95756
95765
95765
95785
95806
95816
95826
95851
95856
95866
95953
95953
95953
96096
96096
96096
96096
96099
96099
96099
96099
96100
96116
96195
96197
96206
96216
96224
96245
96275
96296
96315
96345
96366
96415
96415
96435
96455
96485
96506
96526
96565
96595
96616
96646
96717
96718
96745
96775
96815
96841
96865
96915
96936
96965
97026
97056
97068
97116
97144
97145
97155
97167
97175
97254
97256
97258
97258
97259
97264
97271
97277
97393
97393
97393
97394
97394
97395
97395
97395
97421
97428
97436
97447
97507
97515
97515
97527
97536
97548
97567
97576
97586
97739
97740
97740
97740
97740
97748
97766
97788
97805
97827
97844
97851
97875
97948
97948
97948
97957
97968
97977
97986
97996
98009
98009
98018
98027
98038
98086
98086
98086
98106
98106
98106
98126
98127
98136
98146
98156
98173
98173
98184
98189
98198
98207
98207
98216
98228
98236
98247
98297
98297
98297
98389
98389
98389
98391
98391
98392
98392
98392
98418
98418
98418
98446
98446
98446
98497
98497
98498
98498
98498
98506
98518
98526
98537
98547
98557
98567
98576
98626
98626
98626
98626
98657
98677
98678
98678
98756
98757
98757
98757
98766
98782
98791
98791
98796
98809
98816
98827
98827
98837
98846
98904
98904
98904
98904
98904
98917
98929
98946
98946
98957
98968
98977
99057
99057
99059
99061
99061
99061
99061
99075
99077
99089
99097
99097
99117
99126
99136
99152
99160
99166
99184
99184
99190
99200
99207
99217
99217
99236
99247
99256
99272
99272
99281
99287
99299
99316
99316
99330
99339
99347
99407
99417
99417
99417
99417
99427
99437
99446
99456
99456
99467
99476
99487
99497
99497
99506
99516
99527
99577
99577
99577
99577
99606
99636
99636
99647
99657
99667
99676
99677
99726
99727
99727
99728
99728
99737
99787
99787
99787
99788
99797
99807
99817
99817
99837
99847
99867
99877
99877
99886
99897
99906
99916
99917
99927
99937
99947
100025
100026
100028
100029
100029
100030
100031
100031
100034
100108
100109
100112
100188
100188
100189
100190
100192
100192
100192
100192
100192
100197
100197
100205
100216
100226
100235
100245
100255
100328
100329
100329
100329
100330
100330
100331
100331
100337
100346
100356
100365
100365
100376
100386
100397
100406
100406
100424
100432
100436
100447
100447
100456
100467
100476
100487
100487
100496
100509
100601
100601
100601
100667
100668
100674
100675
100675
100675
100675
100675
100676
100678
100694
100694
100699
100708
100716
100767
100767
100767
100797
100798
100906
100975
100981
100983
100983
100983
100983
100986
100992
100994
101000
101000
101045
101046
101046
101047
101047
101056
101067
101075
101089
101089
101097
101117
101126
101177
101177
101230
101248
101248
101249
101249
101257
101266
101279
101287
101287
101299
101307
101317
101326
101327
101359
101367
101386
101439
101439
101448
101448
101448
101457
101457
101467
101477
101526
101526
101526
101527
101556
101556
101556
101557
101568
101578
101603
101612
101612
101621
101691
101693
101693
101693
101694
101694
101694
101694
101695
101736
101737
101757
101767
101857
101857
101857
101857
101857
101857
101858
101858
101864
101864
101907
101907
101908
101908
101908
101917
101927
101937
101957
101957
102007
102007
102007
102017
102017
102027
102037
102046
102057
102057
102066
102077
102089
102097
102097
102107
102181
102182
102182
102182
102189
102189
102189
102189
102189
102236
102237
102237
102246
102246
102259
102267
102277
102296
102303
102307
102320
102376
102376
102376
102376
102376
102380
102380
102387
102397
102412
102426
102426
102428
102436
102447
102457
102457
102509
102509
102528
102540
102540
102548
102564
102576
102578
102578
102668
102668
102668
102668
102668
102669
102669
102672
102678
102686
102696
102725
102732
102732
102737
102821
102822
102822
102822
102828
102837
102837
102847
102847
102857
102866
102877
102887
102887
102897
102907
102917
102927
102927
102976
102977
102977
103007
103007
103007
103017
103066
103067
103067
103067
103067
103077
103126
103127
103127
103127
103128
103137
103137
103146
103156
103167
103216
103216
103219
103219
103219
103227
103227
103236
103247
103266
103341
103342
103342
103354
103368
103426
103426
103457
103476
103489
103496
103507
103516
103527
103538
103552
103552
103560
103567
103576
103587
103587
103596
103606
103617
103627
103627
103677
103686
103697
103706
103706
103717
103726
103737
103747
103747
103757
103766
103776
103786
103787
103796
103847
103847
103847
103847
103856
103865
103865
103875
103886
103895
103906
103906
103916
103957
103965
103977
103985
103995
104006
104015
104025
104036
104036
104045
104056
104066
104077
104157
104159
104159
104160
104272
104272
104272
104353
104354
104355
104355
104356
104369
104369
104370
104377
104387
104396
104406
104417
104426
104437
104456
104478
104487
104564
104566
104566
104573
104574
104574
104591
104598
104608
104687
104687
104687
104688
104690
104696
104728
104736
104746
104796
104796
104796
104822
104876
104886
104916
104930
104939
104999
105010
105019
105036
105046
105056
105076
105086
105096
105116
105126
105136
105197
105246
105261
105261
105280
105311
105311
105311
105311
105317
105329
105376
105376
105376
105378
105378
105429
105429
105429
105429
105429
105438
105447
105447
105457
105466
105476
105487
105487
105498
105506
105517
105527
105527
105536
105546
105556
105567
105567
105577
105586
105596
105606
105606
105617
105627
105636
105647
105647
105696
105696
105720
105720
105720
105747
105747
105844
105844
105844
105844
105846
105847
105848
105848
105849
105868
105868
105868
105868
105868
105918
105918
105918
105918
105918
105928
105936
105948
105948
105957
105967
105977
106054
106054
106056
106057
106058
106058
106058
106058
106059
106065
106072
106072
106083
106089
106097
106107
106107
106117
106137
106146
106196
106196
106197
106197
106197
106209
106219
106227
106237
106286
106286
106287
106287
106296
106306
106357
106357
106357
106376
106376
106377
106393
106399
106408
106416
106426
106437
106446
106456
106467
106476
106476
106486
106497
106506
106558
106558
106558
106558
106566
106567
106577
106587
106597
106607
106617
106667
106676
106676
106677
106677
106727
106727
106727
106727
106728
106802
106803
106803
106804
106804
106805
106805
106805
106805
106817
106818
106827
106827
106877
106878
106896
106898
106898
106899
107156
107408
107457
107476
107496
107516
107535
107545
107566
107576
107586
107596
107607
107617
107626
107637
107647
107656
107666
107666
107677
107695
107702
107709
107709
107716
107727
107736
107746
107747
107757
107807
107807
107807
107807
107809
107859
107859
107860
107860
107860
108606
108636
108665
108685
108706
108726
108746
108755
108776
108786
108799
108813
108826
108836
108846
108856
108877
108877
108887
108962
108966
108966
108966
109007
109017
109026
109037
109037
109047
130705
130705
130735
130785
130794
130815
130829
130877
130925
130925
130956
130956
130956
130956
130966
131016
131016
131106
131117
131126
131126
131186
131186
131214
131214
131215
131215
131224
131234
131244
131255
131266
131275
131285
131296
131305
131315
131325
131335
131345
131345
131355
131365
131425
131434
131435
131455
131455
131465
131578
131578
131578
131581
131583
131583
131583
131583
131584
131616
131616
131616
131616
131626
131635
131685
131685
131685
131685
131715
131715
131715
131716
131726
131735
131786
131786
131786
131789
131789
131836
131836
131836
131836
131836
131845
131846
131855
131865
131875
131886
131886
131895
131905
131915
131925
131937
131945
131945
131955
131965
131975
131985
131994
132015
132065
132065
132066
132066
132075
132085
132085
132094
132105
132115
132125
132136
132186
132186
132186
132195
132246
132246
132246
132246
132246
132255
132395
132405
132415
132523
132524
132524
132524
132525
132525
132525
132525
132525
132532
132536
132610
132610
132610
132611
132611
132611
132611
132617
132625
132636
132647
132647
132762
132762
132762
132762
132762
132763
132763
132763
132763
132763
132797
132816
132893
132895
132896
132896
132896
132896
132896
132896
132896
132900
132907
132915
132945
132956
132965
132975
132985
132985
132995
133005
133015
133026
133026
133035
133084
133085
133106
133106
133106
133106
133116
133127
133127
133135
133146
133194
133195
133195
133195
133195
133205
133216
133216
133225
133236
133246
133256
133256
133264
133276
133324
133325
133325
133344
133345
133345
133498
133498
133498
133573
133576
133576
133576
133580
133580
133580
133583
133626
133626
133627
133629
133704
133708
133708
133708
133708
133708
133708
133709
133709
133715
133724
133735
133745
133794
133794
133796
133796
133805
133855
133855
133855
133856
133856
133866
133877
133884
133894
133945
133945
133945
133945
133955
133965
133976
133984
133985
133994
134045
134045
134112
134112
134112
134115
134117
134117
134117
134117
134137
134137
134137
134137
134137
134146
134157
134165
134165
134177
134205
134220
134227
134227
134235
134286
134286
134305
134305
134305
134305
134316
134326
134326
134336
134344
134356
134364
134364
134375
134385
134394
134446
134446
134446
134446
134446
134469
134477
134525
134534
134535
134535
134535
134547
134556
134567
134567
134576
134585
134595
134605
134605
134616
134625
134643
134649
134650
134657
134667
134715
134716
134716
134735
134735
134735
134785
134785
134870
134872
134873
134873
134873
134873
134873
134873
134880
134880
134891
134901
134946
134946
134946
134946
134956
134966
134977
134977
134986
135005
135015
135025
135035
135045
135055
135065
135074
135086
135095
135095
135104
135115
135124
135175
135175
135177
135185
135193
135205
135215
135224
135244
135315
135316
135326
135334
135419
135419
135420
135435
135435
135453
135539
135541
135541
135542
135548
135593
135603
135623
135644
135664
135694
135714
135743
135774
135794
135893
135893
135904
135980
136003
136073
136083
136164
136214
136253
136314
136383
136494
136553
136693
136854
137924
137924
137944
137974
137994
138044
138044
138044
138054
138064
138074
138085
138103
138115
138124
138174
138174
138175
138175
138175
138184
138184
138194
138204
138214
138224
138224
138244
138254
138304
138304
138304
138304
138305
138355
138355
138355
138355
138355
138364
138477
138477
138477
138477
138477
138479
138479
138479
138479
138480
138480
138480
138481
138494
138544
138544
138544
138545
138545
138553
138564
138574
138652
138652
138652
138652
138652
138652
138659
138664
138684
138694
138705
138714
138724
138735
138806
138806
138807
138807
138807
138808
138813
138825
138834
138844
138855
138874
138883
138895
138944
138944
139085
139086
139086
139086
139087
139088
139088
139088
139088
139089
139089
139089
139114
139124
139135
139154
139164
139174
139194
139205
139215
139311
139311
139311
139324
139335
139344
139406
139414
139414
139464
139464
139465
139485
139504
139524
139534
139544
139624
139633
139654
139663
139675
139694
139753
139753
139783
